8205, 0.027778, 0.604411
8205, 0.041667, 0.701832
8205, 0.062500, 0.363112
8205, 0.239583, 0.819298
8205, 0.305556, -0.138353
8205, 0.315972, 0.011050
8205, 0.336806, -0.794159
8205, 0.402778, -1.082435
8205, 0.437500, -1.123810
8205, 0.447917, -0.638816
8205, 0.486111, -1.043067
8205, 0.531250, -0.694136
8205, 0.593750, 1.576402
8205, 0.600694, 1.023845
8205, 0.697917, 0.728078
8205, 0.781250, 0.189358
8205, 0.795139, 0.968351
8205, 0.809028, 0.017430
8205, 0.812500, -0.061117
8205, 0.878472, -0.286316
8205, 0.895833, -0.744170
8205, 0.906250, -0.846046
8205, 0.913194, -0.439682
8205, 0.920139, -0.892880
8205, 0.927083, -0.993518
8205, 0.930556, -0.387408
8205, 0.968750, -1.076345
8205, 1.020833, -1.118839
8205, 1.062500, -0.807841
8205, 1.118056, 0.189127
8205, 1.125000, -0.369435
8205, 1.131944, -0.348552
8205, 1.156250, -0.083961
8205, 1.163194, 0.996940
8205, 1.177083, 1.172575
8205, 1.218750, 0.990759
8205, 1.229167, 0.400419
8205, 1.243056, 0.473704
8205, 1.312500, 0.589060
8205, 1.402778, 0.386999
8205, 1.427083, 0.158426
8205, 1.430556, -0.506271
8205, 1.434028, -0.108113
8205, 1.541667, -0.550353
8205, 1.618056, -1.029946
8205, 1.680556, 0.953383
8205, 1.711806, -0.203848
8205, 1.743056, 0.750932
8205, 1.795139, 0.499764
8205, 1.812500, 0.452955
8205, 1.833333, 0.481388
8205, 1.843750, 0.524696
8205, 1.847222, 1.232883
8205, 1.861111, 1.135175
8205, 1.906250, 0.353684
8205, 1.913194, 0.249586
8205, 1.923611, 1.021592
8205, 1.930556, 1.053110
8205, 1.958333, -0.183462
8205, 1.979167, -0.391541
8205, 2.006944, -0.516371
8205, 2.020833, -0.750388
8205, 2.059028, -0.875110
8205, 2.131944, -1.205797
8205, 2.152778, -0.876644
8205, 2.156250, -0.655885
8205, 2.177083, -0.224879
8205, 2.180556, -0.086803
8205, 2.270833, 0.522855
8205, 2.295139, 0.681395
8205, 2.326389, 0.259207
8205, 2.329861, 0.315059
8205, 2.340278, 1.017222
8205, 2.388889, 1.127442
8205, 2.406250, 0.687603
8205, 2.503472, 0.790282
8205, 2.513889, 0.154182
8205, 2.524306, 1.362789
8205, 2.565972, -0.533150
8205, 2.586806, -0.802546
8205, 2.618056, -0.719988
8205, 2.631944, -0.029450
8205, 2.704861, -1.208247
8205, 2.729167, -0.444347
8205, 2.750000, -0.939347
8205, 2.784722, 0.051719
8205, 2.850694, -0.132072
8205, 2.892361, 0.218614
8205, 2.906250, 1.125820
8205, 2.961806, 0.511591
8205, 3.062500, 0.742085
8205, 3.194444, -0.286981
8205, 3.281250, -0.446461
8205, 3.295139, -1.126361
8205, 3.322917, -0.902723
8205, 3.347222, -0.735049
8205, 3.354167, -0.592772
8205, 3.392361, 0.697681
8205, 3.413194, 0.560733
8205, 3.496528, 1.196602
8205, 3.531250, 1.261073
8205, 3.552083, 1.300179
8205, 3.572917, 0.414614
8205, 3.621528, 0.148811
8205, 3.670139, -0.362655
8205, 3.760417, -1.047371
8205, 3.767361, -0.465635
8205, 3.809028, -1.224638
8205, 3.815972, -0.953723
8205, 3.836806, -0.539152
8205, 3.902778, -0.761767
8205, 3.920139, 0.069940
8205, 3.968750, 0.500025
8205, 4.010417, 0.248865
8205, 4.024306, 0.229186
8205, 4.100694, 0.617806
8205, 4.104167, 0.466830
8205, 4.173611, 0.771186
8205, 4.197917, 1.067925
8205, 4.263889, 0.018573
8205, 4.277778, -0.679410
8205, 4.333333, -0.027238
8205, 4.340278, -0.550232
8205, 4.354167, 0.036603
8205, 4.371528, -1.199943
8205, 4.479167, -0.460189
8205, 4.590278, 0.258930
8205, 4.618056, 1.077694
8205, 4.666667, 0.636991
8205, 4.736111, 0.168650
8205, 4.767361, 0.740194
8205, 4.805556, -0.411072
8205, 4.812500, -0.498676
8205, 4.829861, -0.648423
8205, 4.871528, -0.957140
8205, 4.895833, -1.073185
8205, 4.944444, -1.238989
8205, 4.958333, -0.509471
8205, 4.965278, 0.418105
8205, 4.968750, 0.246453
8205, 4.982639, -1.087992
8205, 5.052083, -0.324314
8205, 5.079861, 0.140407
8205, 5.086806, 0.427772
8205, 5.128472, 0.051227
8205, 5.135417, 1.307385
8205, 5.222222, 0.545549
8205, 5.243056, 0.463176
8205, 5.250000, 0.474071
8205, 5.312500, 0.066371
8205, 5.375000, -0.459780
8205, 5.402778, -0.505684
8205, 5.427083, -0.917228
8205, 5.500000, -0.543950
8205, 5.548611, -0.421882
8205, 5.562500, -0.332819
8205, 5.569444, -0.946159
8205, 5.597222, -0.084492
8205, 5.607639, -0.690299
8205, 5.625000, 0.469407
8205, 5.736111, 0.348637
8205, 5.746528, 1.077562
8205, 5.750000, 0.422969
8205, 5.767361, 0.531503
8205, 5.788194, 0.523620
8205, 5.875000, 0.304594
8205, 5.934028, -0.360828
8205, 5.944444, -0.510695
8205, 5.947917, -0.427744
8205, 5.968750, 0.179826
8205, 5.989583, -0.877464
8205, 6.017361, -0.430600
8205, 6.024306, -1.062930
8205, 6.038194, -1.190489
8205, 6.041667, -0.484054
8205, 6.208333, -0.386675
8205, 6.270833, 1.047874
8205, 6.277778, 0.949867
8205, 6.305556, 1.070828
8205, 6.315972, 1.077983
8205, 6.326389, 1.152924
8205, 6.416667, 0.356551
8205, 6.430556, 0.214811
8205, 6.434028, 0.163952
8205, 6.489583, -0.198400
8205, 6.569444, -0.982847
8205, 6.604167, -0.982948
8205, 6.607639, -0.334802
8205, 6.618056, -0.227776
8205, 6.652778, -0.181932
8205, 6.743056, -0.444425
8205, 6.777778, -0.382647
8205, 6.795139, -0.199774
8205, 6.861111, 0.391923
8205, 6.864583, 0.450680
8205, 6.909722, 0.635414
8205, 6.923611, 0.493750
8205, 6.940972, 0.477006
8205, 6.944444, 1.502125
8205, 7.090278, -0.556063
8205, 7.107639, -0.151364
8205, 7.131944, -0.992558
8205, 7.142361, -0.345788
8205, 7.170139, -1.018023
8205, 7.194444, -0.578944
8205, 7.243056, -1.088258
8205, 7.284722, -0.198252
8205, 7.378472, 0.679998
8205, 7.395833, 0.289159
8205, 7.409722, 0.291943
8205, 7.496528, 1.277286
8205, 7.510417, 0.990900
8205, 7.642361, -0.578338
8205, 7.656250, -0.644477
8205, 7.718750, -1.066198
8205, 7.840278, -0.878978
8205, 7.906250, -0.304036
8205, 7.920139, -0.106018
8205, 7.944444, -0.028288
8205, 7.979167, 0.928490
8205, 8.000000, 0.431690
8205, 8.006944, 0.388039
8205, 8.045139, 1.270193
8205, 8.065972, 0.612983
8205, 8.093750, 0.380066
8205, 8.114583, 0.342048
8205, 8.118056, 0.213741
8205, 8.131944, 0.175686
8205, 8.239583, -0.805910
8205, 8.315972, -1.171061
8205, 8.326389, 1.293487
8205, 8.413194, 0.419620
8205, 8.451389, 0.267919
8205, 8.472222, 0.379106
8205, 8.486111, -0.200201
8205, 8.506944, -0.051641
8205, 8.555556, 0.327898
8205, 8.562500, 0.375391
8205, 8.593750, 0.505524
8205, 8.652778, 0.470077
8205, 8.656250, 0.428473
8205, 8.708333, 0.136402
8205, 8.732639, 0.611885
8205, 8.746528, 0.351027
8205, 8.784722, 0.021978
8205, 8.798611, -0.761215
8205, 8.815972, -0.185526
8205, 8.871528, -1.180149
8205, 8.888889, -1.161949
8205, 9.006944, -0.527157
8205, 9.045139, 0.436642
8205, 9.131944, 1.056077
8205, 9.173611, 0.468332
8205, 9.215278, 1.113245
8205, 9.218750, 0.517974
8205, 9.371528, -0.821623
8205, 9.423611, -0.480194
8205, 9.451389, -0.566169
8205, 9.475694, -0.379302
8205, 9.489583, -1.067942
8205, 9.565972, -0.660964
8205, 9.600694, -0.393700
8205, 9.628472, 0.199362
8205, 9.635417, -0.053395
8205, 9.697917, 1.100825
8205, 9.725694, 1.167200
8205, 9.784722, 0.403914
8205, 9.788194, 0.509156
8205, 9.809028, 0.258680
8205, 9.881944, 0.326237
8205, 9.934028, -0.825508
8205, 9.937500, -0.866543
8205, 9.947917, -0.958180
8205, 9.986111, -0.452131
8205, 10.027778, -1.261488
8205, 10.031250, -0.404969
8205, 10.052083, -1.187118
8205, 10.072917, -0.795061
8205, 10.111111, -0.763377
8205, 10.135417, -0.638635
8205, 10.142361, -0.569886
8205, 10.159722, -0.300130
8205, 10.180556, -0.233315
8205, 10.187500, 0.562968
8205, 10.194444, -0.045045
8205, 10.218750, 0.102479
8205, 10.243056, 0.326881
8205, 10.274306, 1.092599
8205, 10.277778, 0.455076
8205, 10.375000, 0.957143
8205, 10.378472, 0.928562
8205, 10.427083, -0.065325
8205, 10.475694, -0.441537
8205, 10.479167, 0.245012
8205, 10.517361, -0.975729
8205, 10.545139, -1.139434
8205, 10.645833, -0.843472
8205, 10.739583, -0.238742
8205, 10.798611, 0.288752
8205, 10.812500, 0.527417
8205, 10.819444, 1.173952
8205, 10.826389, 0.772780
8205, 10.857639, 0.673597
8205, 10.861111, 0.468017
8205, 10.909722, 0.464609
8205, 10.913194, 0.475334
8205, 10.958333, 0.881922
8205, 10.972222, 0.130001
8205, 10.979167, -0.044450
8205, 10.986111, -0.055823
8205, 11.027778, 1.165514
8205, 11.166667, -1.223446
8205, 11.194444, -1.078243
8205, 11.222222, -0.984623
8205, 11.229167, -0.763231
8205, 11.236111, -0.623521
8205, 11.406250, 0.931110
8205, 11.454861, 0.556088
8205, 11.524306, 0.135728
8205, 11.579861, 0.998376
8205, 11.583333, 0.329326
8205, 11.604167, -0.581883
8205, 11.618056, -0.678400
8205, 11.715278, -0.490159
8205, 11.753472, -0.953088
8205, 11.770833, -0.426822
8205, 11.788194, -0.973008
8205, 11.822917, -0.664731
8205, 11.847222, 0.386444
8205, 11.868056, 0.431839
8205, 11.913194, 0.122933
8205, 11.951389, 1.154731
8205, 11.961806, 1.185729
8205, 12.041667, 1.161050
8205, 12.045139, 0.417300
8205, 12.079861, 0.153677
8205, 12.083333, 0.160634
8205, 12.131944, 0.391133
8205, 12.138889, 0.531867
8205, 12.166667, -0.448867
8205, 12.218750, -1.036743
8205, 12.388889, 0.041043
8205, 12.392361, -0.326844
8205, 12.406250, -0.484984
8205, 12.444444, -0.139440
8205, 12.447917, 1.284242
8205, 12.503472, 0.355325
8205, 12.520833, 0.470000
8205, 12.569444, 0.498303
8205, 12.576389, 1.128855
8205, 12.586806, 1.200159
8205, 12.732639, -0.400005
8205, 12.736111, -0.670643
8205, 12.819444, -0.437035
8205, 12.829861, -1.221405
8205, 12.836806, -0.908180
8205, 12.840278, -1.249274
8205, 12.875000, -1.122362
8205, 12.881944, -1.192795
8205, 12.937500, -0.857514
8205, 12.951389, -0.688494
8205, 12.954861, -0.684010
8205, 12.958333, -0.634736
8205, 12.965278, 0.252328
8205, 12.975694, -0.447820
8205, 13.017361, 0.034063
8205, 13.128472, 0.841401
8205, 13.218750, 0.764308
8205, 13.263889, -0.285966
8205, 13.281250, -0.468921
8205, 13.312500, -0.775941
8205, 13.322917, -0.839980
8205, 13.343750, -0.971851
8205, 13.364583, -1.060764
8205, 13.368056, -1.155579
8205, 13.381944, -1.099049
8205, 13.427083, -1.163827
8205, 13.531250, -0.407233
8205, 13.541667, -0.399445
8205, 13.552083, -0.199885
8205, 13.555556, 0.386354
8205, 13.614583, 0.255583
8205, 13.628472, 0.991100
8205, 13.631944, 1.279624
8205, 13.642361, 0.336218
8205, 13.656250, 0.392792
8205, 13.673611, 0.877106
8205, 13.708333, 1.166311
8205, 13.746528, 1.138750
8205, 13.774306, 0.189246
8205, 13.795139, 0.669863
8205, 13.805556, 0.005151
8205, 13.871528, -0.071473
8205, 13.961806, -0.436351
8205, 13.993056, -0.472354
8205, 14.017361, -0.423541
8205, 14.135417, 0.444236
8205, 14.194444, 0.375426
8205, 14.218750, 1.161214
8205, 14.253472, 1.654180
8205, 14.263889, 0.569663
8205, 14.322917, 0.478212
8205, 14.416667, -0.144599
8205, 14.479167, -0.333151
8205, 14.482639, -0.660620
8205, 14.541667, -0.551746
8205, 14.548611, -0.902143
8205, 14.593750, -0.887075
8205, 14.607639, -0.980895
8205, 14.621528, -0.647697
8205, 14.663194, -0.521307
8205, 14.680556, 0.370678
8205, 14.704861, 0.914505
8205, 14.739583, 0.140821
8205, 14.819444, 0.489889
8205, 14.833333, 1.259785
8205, 14.875000, 0.499115
8205, 14.892361, 1.042404
8205, 14.899306, 0.239239
8205, 14.913194, 0.872281
8205, 14.940972, 0.582999
8205, 14.979167, -0.492092
8205, 14.982639, -0.210005
8205, 14.996528, -0.640604
8205, 15.038194, -1.019194
8205, 15.055556, -1.039944
8205, 15.121528, -0.544174
8205, 15.135417, -1.207768
8205, 15.180556, -0.871397
8205, 15.225694, -0.569222
8205, 15.274306, -0.074385
8205, 15.291667, 0.080577
8205, 15.302083, 0.801098
8205, 15.333333, 0.319758
8205, 15.361111, 0.421845
8205, 15.368056, 1.255351
8205, 15.378472, 1.230425
8205, 15.413194, 0.707041
8205, 15.427083, 1.086426
8205, 15.434028, 0.783129
8205, 15.440972, 0.539915
8205, 15.472222, 0.153841
8205, 15.500000, 0.767316
8205, 15.513889, 0.618289
8205, 15.534722, 0.264311
8205, 15.565972, -0.703956
8205, 15.583333, -0.785611
8205, 15.645833, -1.178727
8205, 15.690972, -0.199992
8205, 15.711806, -1.143316
8205, 15.722222, -1.062252
8205, 15.843750, 0.602545
8205, 15.850694, 0.960021
8205, 15.857639, 0.167468
8205, 15.861111, 0.174324
8205, 15.934028, 0.505285
8205, 16.010417, 0.978551
8205, 16.027778, 0.941544
8205, 16.038194, 1.182851
8205, 16.093750, 0.403516
8205, 16.173611, -0.941773
8205, 16.243056, -1.164033
8205, 16.295139, -0.976355
8205, 16.388889, 1.977655
8205, 16.423611, 0.071300
8205, 16.430556, 0.843473
8205, 16.496528, 0.514400
8205, 16.541667, 0.546801
8205, 16.593750, 0.624109
8205, 16.715278, -0.025402
8205, 16.729167, -0.720765
8205, 16.739583, -0.892846
8205, 16.763889, -0.343313
8205, 16.795139, -1.135358
8205, 16.809028, -0.565710
8205, 16.819444, -1.176663
8205, 16.937500, -0.247969
8205, 16.947917, -0.298707
8205, 16.958333, -0.239755
8205, 16.972222, -0.070373
8205, 16.986111, 0.233101
8205, 17.017361, 0.984712
8205, 17.024306, 0.826045
8205, 17.027778, 1.255911
8205, 17.048611, 1.150962
8205, 17.086806, 0.606605
8205, 17.118056, 0.411271
8205, 17.166667, 0.146209
8205, 17.170139, 0.132179
8205, 17.187500, -0.016006
8205, 17.222222, -0.300346
8205, 17.232639, -0.448215
8205, 17.250000, -0.627133
8205, 17.274306, -0.799286
8205, 17.319444, -0.481109
8205, 17.336806, -1.111994
8205, 17.385417, -1.162186
8205, 17.479167, -0.590320
8205, 17.517361, -0.267149
8205, 17.548611, 0.081303
8205, 17.572917, 0.642254
8205, 17.604167, 1.272040
8205, 17.614583, 1.161511
8205, 17.618056, 0.543602
8205, 17.625000, 1.218140
8205, 17.642361, 1.149536
8205, 17.666667, 0.464095
8205, 17.732639, 0.810487
8205, 17.736111, 0.205523
8205, 17.750000, 0.076450
8205, 17.763889, 0.638859
8205, 17.767361, -0.134105
8205, 17.805556, -0.533867
8205, 17.812500, -0.604088
8205, 17.815972, 0.041257
8205, 17.840278, -0.619319
8205, 17.895833, 0.299560
8205, 18.020833, -0.309930
8205, 18.024306, -0.677415
8205, 18.076389, -0.269602
8205, 18.079861, -0.288985
8205, 18.083333, -0.206825
8205, 18.135417, 0.875984
8205, 18.197917, 0.477130
8205, 18.208333, 0.613325
8205, 18.309028, 2.893208
8205, 18.347222, -0.082088
8205, 18.361111, -0.357616
8205, 18.368056, 0.029990
8205, 18.371528, 0.442453
8205, 18.402778, -0.777102
8205, 18.465278, -0.213294
8205, 18.479167, -1.201034
8205, 18.520833, -1.168442
8205, 18.611111, -0.612596
8205, 18.618056, 0.182754
8205, 18.635417, 0.320612
8205, 18.638889, 0.608023
8205, 18.649306, -0.088357
8205, 18.663194, 0.096295
8205, 18.715278, 0.452127
8205, 18.722222, 1.202999
8205, 18.729167, 0.711560
8205, 18.763889, 0.537733
8205, 18.774306, 0.515728
8205, 18.791667, 0.636363
8205, 18.822917, 0.352374
8205, 18.850694, 1.312306
8205, 18.916667, -0.329859
8205, 18.937500, 0.145945
8205, 18.968750, -0.737568
8205, 19.052083, -1.225499
8205, 19.180556, 0.216263
8205, 19.190972, -0.221254
8205, 19.197917, 0.518417
8205, 19.375000, 1.396701
8205, 19.420139, 1.175751
8205, 19.427083, 0.169923
8205, 19.579861, -1.086769
8205, 19.583333, -0.495925
8205, 19.600694, -1.137448
8205, 19.635417, -0.341965
8205, 19.697917, -0.935652
8205, 19.729167, -0.325823
8205, 19.798611, 0.033946
8205, 19.843750, 0.270255
8205, 19.878472, 1.116855
8205, 19.916667, 1.283791
8205, 19.923611, 0.501148
8205, 19.937500, 1.340886
8205, 19.954861, 0.371563
8205, 20.003472, 0.061196
8205, 20.114583, 0.289654
8205, 20.138889, -0.923098
8205, 20.173611, -0.509894
8205, 20.281250, 0.011493
8205, 20.402778, 0.421719
8205, 20.500000, 0.426076
8205, 20.503472, 0.430108
8205, 20.597222, 0.656512
8205, 20.628472, 0.408697
8205, 20.631944, 0.102763
8205, 20.645833, -0.076298
8205, 20.684028, -0.836488
8205, 20.715278, -1.149994
8205, 20.729167, -0.409082
8205, 20.739583, -1.172107
8205, 20.760417, -1.238625
8205, 20.763889, -1.230006
8205, 20.770833, -0.361213
8205, 20.781250, -0.364383
8205, 20.802083, -0.964448
8205, 20.847222, -0.799813
8205, 20.871528, 1.424691
8205, 20.878472, 0.354526
8205, 20.954861, 1.163341
8205, 20.958333, 0.868488
8205, 20.986111, 0.342714
8205, 21.052083, 0.510081
8205, 21.055556, 1.280974
8205, 21.177083, 0.305568
8205, 21.218750, -0.552253
8205, 21.263889, -0.928313
8205, 21.399306, -0.817155
8205, 21.402778, 0.376755
8205, 21.406250, -0.584227
8205, 21.423611, -0.550072
8205, 21.465278, 0.298435
8205, 21.472222, 0.449064
8205, 21.493056, 0.727152
8205, 21.583333, 0.440572
8205, 21.590278, 1.167846
8205, 21.638889, 1.075644
8205, 21.656250, 0.471225
8205, 21.704861, 0.154768
8205, 21.708333, 0.650075
8205, 21.725694, -0.249780
8205, 21.809028, -0.958237
8205, 21.843750, -0.972625
8205, 21.871528, -1.250950
8205, 21.878472, 0.146592
8205, 21.916667, -0.942361
8205, 21.940972, -1.046625
8205, 22.027778, -0.314378
8205, 22.031250, -0.199722
8205, 22.135417, 0.466463
8205, 22.152778, 0.520182
8205, 22.166667, 1.329316
8205, 22.326389, -0.468049
8205, 22.375000, -0.959857
8205, 22.381944, -1.020121
8205, 22.413194, 0.188407
8205, 22.454861, -0.441484
8205, 22.479167, -1.191800
8205, 22.520833, -0.973868
8205, 22.534722, -0.010013
8205, 22.572917, -0.527945
8205, 22.579861, -0.458570
8205, 22.625000, 0.111882
8205, 22.697917, 0.459778
8205, 22.701389, 0.456314
8205, 22.715278, 0.519181
8205, 22.763889, 0.403957
8205, 22.798611, 0.338880
8205, 22.802083, 0.454135
8205, 22.826389, 0.841404
8205, 22.840278, -0.090728
8205, 22.861111, 0.480953
8205, 22.864583, 0.487711
8205, 23.079861, -0.214680
8205, 23.138889, -0.489572
8205, 23.208333, 0.124234
8205, 23.218750, 0.913593
8205, 23.270833, 0.596455
8205, 23.312500, 1.174428
8205, 23.409722, -0.079125
8205, 23.423611, -0.235300
8205, 23.440972, -0.385034
8205, 23.461806, -0.450378
8205, 23.468750, -0.691831
8205, 23.493056, -0.173242
8205, 23.500000, -0.940237
8205, 23.513889, -0.098943
8205, 23.670139, -0.743377
8205, 23.750000, 0.979203
8205, 23.756944, 0.673088
8205, 23.861111, 0.573891
8205, 23.871528, 0.495217
8205, 23.895833, 0.407817
8205, 23.899306, 0.516683
8205, 23.906250, 0.531154
8205, 23.913194, 0.357788
8205, 23.940972, 0.150232
8205, 23.944444, 0.177712
8205, 23.958333, 0.014423
8205, 23.965278, -0.044996
8205, 23.968750, 0.593979
8205, 23.972222, 2.045058
8205, 24.003472, 0.281530
8205, 24.062500, -0.708571
8205, 24.083333, -0.996280
8205, 24.111111, -1.050733
8205, 24.152778, -1.226113
8205, 24.173611, -0.500147
8205, 24.270833, 0.281722
8205, 24.375000, 1.360995
8205, 24.402778, 1.253718
8205, 24.406250, 1.460120
8205, 24.444444, 0.477284
8205, 24.454861, 1.247774
8205, 24.468750, 1.223237
8205, 24.500000, 0.868346
8205, 24.579861, 0.585345
8205, 24.618056, -0.516028
8205, 24.652778, -0.697928
8205, 24.701389, -1.214515
8205, 24.753472, -0.817950
8205, 24.802083, -0.780138
8205, 24.809028, -0.663781
8205, 24.836806, -0.475493
8205, 24.881944, 0.622130
8205, 24.927083, 0.779802
8205, 24.930556, 0.341885
8205, 24.951389, 1.095317
8205, 24.993056, 0.575602
8205, 25.072917, 0.818127
8205, 25.107639, -0.072128
8205, 25.114583, -0.212795
8205, 25.180556, -0.760262
8205, 25.218750, -1.041013
8205, 25.250000, -0.552913
8205, 25.256944, -1.073981
8205, 25.284722, -0.538305
8205, 25.295139, -0.407170
8205, 25.361111, 0.049015
8205, 25.420139, -0.324594
8205, 25.434028, -0.099891
8205, 25.437500, 0.304841
8205, 25.440972, 0.640710
8205, 25.475694, 0.473575
8205, 25.527778, 1.153216
8205, 25.541667, 0.760564
8205, 25.545139, 0.529724
8205, 25.552083, 1.237616
8205, 25.555556, 0.468880
8205, 25.572917, 0.836194
8205, 25.586806, 0.419736
8205, 25.659722, 0.674868
8205, 25.746528, -0.111706
8205, 25.767361, -0.901586
8205, 25.777778, -0.358045
8205, 25.784722, -0.053986
8205, 25.812500, -1.121767
8205, 25.847222, -1.048786
8205, 25.899306, -1.023392
8205, 25.920139, -0.854241
8205, 25.940972, -0.708377
8205, 25.968750, -0.250455
8205, 26.034722, 0.914515
8205, 26.038194, 0.172439
8205, 26.065972, 1.031477
8205, 26.079861, 0.544502
8205, 26.086806, 1.327458
8205, 26.138889, 0.675855
8205, 26.145833, 1.597701
8205, 26.152778, 0.455712
8205, 26.173611, 0.332862
8205, 26.190972, 1.332310
8205, 26.208333, 0.599918
8205, 26.239583, 0.610737
8205, 26.288194, 0.380737
8205, 26.315972, -0.614290
8205, 26.347222, -1.093926
8205, 26.385417, -1.173324
8205, 26.479167, -0.922011
8205, 26.489583, -0.747713
8205, 26.503472, 0.074348
8205, 26.527778, 0.853984
8205, 26.538194, 0.055537
8205, 26.552083, -0.275738
8205, 26.576389, -0.012288
8205, 26.586806, 0.294272
8205, 26.656250, 0.503115
8205, 26.663194, 0.737303
8205, 26.701389, 1.475574
8205, 26.722222, 0.450253
8205, 26.736111, 0.375119
8205, 26.756944, 0.522614
8205, 26.763889, 0.849544
8205, 26.770833, 0.579341
8205, 26.774306, 0.136728
8205, 26.819444, -0.182540
8205, 26.868056, -0.093829
8205, 26.875000, -0.160315
8205, 26.892361, -0.937932
8205, 26.916667, -1.067784
8205, 26.920139, -0.943544
8205, 26.954861, -0.182014
8205, 26.965278, -0.518489
8205, 27.069444, -0.679621
8205, 27.107639, -0.146935
8205, 27.170139, 0.180174
8205, 27.173611, 0.222873
8205, 27.187500, 0.434182
8205, 27.194444, 0.653936
8205, 27.197917, 1.060710
8205, 27.246528, 1.134192
8205, 27.250000, 1.156761
8205, 27.260417, 0.785974
8205, 27.298611, 1.094537
8205, 27.315972, 0.565116
8205, 27.354167, 0.083060
8205, 27.399306, -0.446562
8205, 27.513889, -0.577314
8205, 27.534722, -1.237458
8205, 27.555556, -1.147725
8205, 27.645833, 0.157179
8205, 27.656250, -0.513618
8205, 27.666667, -0.289282
8205, 27.670139, -0.299441
8205, 27.750000, 0.398240
8205, 27.777778, 0.514594
8205, 27.836806, 0.534010
8205, 27.944444, -0.246372
8205, 27.961806, -0.430932
8205, 27.986111, 0.203538
8205, 28.062500, -0.522463
8205, 28.097222, -0.833620
8205, 28.111111, 0.065500
8205, 28.159722, -0.896745
8205, 28.163194, -0.922398
8205, 28.218750, 0.336591
8205, 28.263889, 0.651124
8205, 28.416667, 0.430861
8205, 28.423611, 0.497244
8205, 28.427083, 0.711813
8205, 28.444444, 0.991182
8205, 28.479167, 0.240022
8205, 28.489583, 0.571312
8205, 28.552083, -0.328699
8205, 28.565972, -0.836736
8205, 28.607639, -0.581180
8205, 28.638889, -0.516330
8205, 28.673611, -1.207943
8205, 28.697917, -1.048136
8205, 28.708333, -0.350741
8205, 28.736111, 0.013588
8205, 28.791667, 0.235504
8205, 28.850694, 0.248664
8205, 28.871528, 1.009413
8205, 28.885417, 0.717742
8205, 28.895833, 0.583527
8205, 28.940972, 1.396311
8205, 28.989583, 0.342971
8205, 29.010417, 0.280272
8205, 29.038194, 1.191608
8205, 29.149306, -0.848846
8205, 29.197917, -1.181974
8205, 29.253472, -1.179575
8205, 29.375000, -0.296362
8205, 29.388889, -0.089899
8205, 29.392361, 0.066627
8205, 29.430556, 0.188331
8205, 29.434028, 0.953536
8205, 29.454861, 0.684263
8205, 29.458333, 0.361304
8205, 29.493056, 0.675787
8205, 29.520833, 1.135915
8205, 29.541667, 0.462577
8205, 29.552083, 1.067699
8205, 29.618056, 0.725304
8205, 29.621528, 0.555914
8205, 29.649306, 0.322228
8205, 29.697917, 0.543475
8205, 29.736111, -1.109439
8205, 29.760417, -0.859492
8205, 29.767361, -1.127819
8205, 29.781250, -1.123992
8205, 29.798611, -0.959785
8205, 29.864583, -0.240591
8205, 29.881944, -0.318542
8205, 29.906250, -0.305626
8205, 29.909722, 0.124884
8205, 29.930556, -0.364230
8205, 30.027778, 1.879791
8205, 30.072917, 0.644599
8205, 30.173611, 0.017248
8205, 30.180556, -0.013653
8205, 30.187500, 0.628461
8205, 30.197917, -0.139569
8205, 30.312500, -1.123106
8205, 30.333333, -1.080093
8205, 30.409722, -0.807477
8205, 30.420139, -1.018860
8205, 30.451389, -0.034110
8205, 30.517361, 0.540349
8205, 30.600694, 1.232078
8205, 30.618056, 1.858840
8205, 30.656250, 1.168719
8205, 30.708333, 0.299870
8205, 30.815972, -0.491337
8205, 30.826389, -0.658955
8205, 30.847222, 0.006343
8205, 30.989583, -0.803124
8205, 31.000000, -0.018463
8205, 31.003472, -0.704137
8205, 31.013889, -0.715330
8205, 31.052083, -0.359734
8205, 31.104167, 1.010330
8205, 31.111111, 0.799988
8205, 31.152778, 1.058148
8205, 31.173611, 0.479011
8205, 31.236111, 1.364638
8205, 31.256944, 0.795176
8205, 31.281250, 0.222958
8205, 31.295139, 0.701997
8205, 31.319444, 0.553772
8205, 31.329861, -0.142499
8205, 31.333333, 0.191200
8205, 31.336806, -0.318299
8205, 31.375000, -0.632559
8205, 31.454861, -0.429224
8205, 31.527778, -1.133190
8205, 31.618056, 0.301167
8205, 31.628472, -0.219874
8205, 31.690972, 0.865121
8205, 31.708333, 0.406685
8205, 31.805556, 0.402505
8205, 31.829861, 0.280581
8205, 31.871528, 0.869117
8205, 31.937500, -0.403293
8205, 31.968750, -0.087545
8205, 32.003472, -1.121526
8205, 32.017361, -0.466903
8205, 32.041667, -0.520044
8205, 32.059028, -0.310606
8205, 32.069444, -0.531166
8205, 32.114583, -0.845661
8205, 32.145833, -0.566987
8205, 32.170139, -0.351136
8205, 32.184028, -0.375224
8205, 32.190972, -0.226025
8205, 32.222222, -0.024698
8205, 32.236111, 0.846345
8205, 32.243056, 0.146174
8205, 32.253472, 0.180507
8205, 32.270833, 0.621538
8205, 32.305556, 0.706711
8205, 32.326389, 0.522855
8205, 32.333333, 1.212332
8205, 32.340278, 0.551017
8205, 32.368056, 0.437459
8205, 32.375000, 1.362416
8205, 32.381944, 0.612701
8205, 32.413194, 0.812714
8205, 32.440972, 0.187596
8205, 32.486111, -0.483421
8205, 32.503472, -0.618405
8205, 32.520833, -0.067937
8205, 32.524306, -0.782487
8205, 32.600694, -1.209100
8205, 32.611111, -1.044271
8205, 32.659722, -0.817474
8205, 32.680556, -0.958528
8205, 32.687500, 0.040678
8205, 32.746528, 0.353174
8205, 32.871528, 0.627667
8205, 32.881944, 1.272311
8205, 32.899306, 0.460049
8205, 32.940972, 0.391222
8205, 32.947917, 1.001016
8205, 32.954861, 0.498381
8205, 32.965278, 0.292649
8205, 33.052083, -0.291785
8205, 33.159722, -1.151586
8205, 33.204861, -0.482352
8205, 33.211806, -1.129142
8205, 33.260417, -0.687252
8205, 33.291667, -0.618802
8205, 33.364583, 0.577764
8205, 33.368056, 0.249061
8205, 33.406250, 0.364112
8205, 33.413194, 0.384195
8205, 33.427083, 0.544929
8205, 33.579861, -0.143741
8205, 33.590278, -0.212918
8205, 33.604167, -0.279795
8205, 33.628472, 0.607855
8205, 33.631944, -0.676791
8205, 33.649306, -0.842276
8205, 33.697917, -0.718220
8205, 33.736111, -1.101836
8205, 33.788194, -0.472340
8205, 33.850694, -0.370650
8205, 33.857639, -0.582564
8205, 33.892361, 0.081271
8205, 34.027778, 0.554451
8205, 34.083333, 0.306121
8205, 34.100694, 0.920618
8205, 34.111111, 0.080293
8205, 34.135417, -0.070751
8205, 34.246528, -1.076903
8205, 34.274306, -1.138338
8205, 34.319444, -1.060169
8205, 34.340278, -0.599116
8205, 34.430556, -0.507394
8205, 34.489583, 0.016068
8205, 34.576389, 1.131469
8205, 34.631944, 0.618601
8205, 34.663194, 0.920583
8205, 34.677083, 0.122228
8205, 34.684028, 0.040118
8205, 34.697917, -0.024829
8205, 34.729167, -0.179072
8205, 34.781250, -0.737269
8205, 34.815972, -1.069257
8205, 34.850694, -1.167269
8205, 34.916667, -0.429812
8205, 34.923611, -1.053889
8205, 34.972222, 0.463457
8205, 34.993056, -0.573957
8205, 35.006944, -0.367229
8205, 35.010417, -0.377308
8205, 35.013889, 0.539760
8205, 35.086806, 0.269455
8205, 35.121528, 0.567643
8205, 35.211806, 0.937159
8205, 35.215278, 0.966329
8205, 35.232639, 0.154455
8205, 35.260417, -0.056722
8205, 35.263889, -0.038066
8205, 35.267361, 0.529617
8205, 35.288194, -0.273602
8205, 35.326389, -0.660506
8205, 35.364583, -0.798009
8205, 35.381944, -0.947659
8205, 35.413194, -1.094735
8205, 35.420139, -1.133990
8205, 35.496528, -0.343598
8205, 35.503472, -0.149676
8205, 35.600694, -0.033997
8205, 35.659722, 0.777545
8205, 35.670139, 1.058252
8205, 35.684028, 1.156022
8205, 35.690972, 0.680348
8205, 35.694444, 0.509217
8205, 35.739583, 0.620606
8205, 35.756944, 0.444039
8205, 35.777778, 1.059850
8205, 35.781250, 0.291615
8205, 35.809028, 0.735241
8205, 35.857639, -0.313179
8205, 35.878472, -0.561146
8205, 35.927083, -0.268516
8205, 35.937500, -0.997827
8205, 35.944444, -1.099384
8205, 35.951389, -0.998381
8205, 35.968750, -0.518626
8205, 35.982639, -1.136235
8205, 36.041667, -0.373350
8205, 36.052083, -0.723257
8205, 36.083333, -0.876406
8205, 36.090278, -0.791604
8205, 36.114583, -0.523622
8205, 36.208333, 1.053637
8205, 36.236111, 0.401006
8205, 36.270833, 1.158078
8205, 36.281250, 1.282412
8205, 36.302083, 0.549094
8205, 36.350694, 0.252177
8205, 36.354167, 0.210825
8205, 36.413194, 0.694848
8205, 36.437500, 1.053477
8205, 36.458333, -0.568766
8205, 36.531250, -0.521663
8205, 36.565972, -1.082050
8205, 36.569444, -0.535785
8205, 36.642361, -0.057587
8205, 36.694444, -0.455355
8205, 36.722222, -0.099973
8205, 36.743056, 0.641100
8205, 36.750000, 0.774155
8205, 36.770833, 0.212816
8205, 36.774306, 0.276150
8205, 36.784722, 0.308026
8205, 36.798611, 0.450963
8205, 36.802083, 1.180305
8205, 36.815972, 1.091669
8205, 36.885417, 0.405847
8205, 36.895833, 1.522450
8205, 36.923611, 0.206547
8205, 36.951389, 0.642258
8205, 37.041667, -0.129804
8205, 37.065972, 0.354853
8205, 37.072917, -0.366967
8205, 37.097222, -0.378035
8205, 37.107639, -0.533256
8205, 37.152778, -1.109903
8205, 37.201389, -0.790056
8205, 37.256944, -0.383951
8205, 37.298611, 0.597899
8205, 37.343750, 0.379048
8205, 37.350694, 0.707349
8205, 37.354167, 0.293474
8205, 37.364583, 1.059400
8205, 37.430556, 1.346306
8205, 37.444444, 0.399663
8205, 37.586806, -0.682706
8205, 37.593750, -0.553464
8205, 37.597222, -0.083980
8205, 37.607639, -0.847617
8205, 37.611111, -0.911160
8205, 37.708333, -0.570380
8205, 37.732639, -0.954366
8205, 37.756944, -0.342375
8205, 37.777778, -0.903076
8205, 37.829861, -0.331619
8205, 37.927083, 0.416810
8205, 37.930556, 0.557198
8205, 37.958333, 0.515219
8205, 38.000000, 0.523188
8205, 38.017361, 0.585305
8205, 38.048611, 0.309156
8205, 38.052083, 0.922074
8205, 38.135417, -0.451696
8205, 38.142361, -0.604029
8205, 38.159722, -0.648090
8205, 38.173611, -0.183677
8205, 38.215278, -0.431060
8205, 38.232639, -0.691909
8205, 38.246528, -1.189461
8205, 38.267361, -0.403530
8205, 38.270833, -0.522425
8205, 38.298611, -1.142945
8205, 38.326389, -0.296928
8205, 38.343750, -0.138567
8205, 38.416667, 0.487837
8205, 38.451389, 0.080237
8205, 38.468750, 1.073959
8205, 38.475694, 1.172519
8205, 38.479167, 1.130150
8205, 38.534722, 1.130209
8205, 38.541667, 0.538090
8205, 38.642361, -0.016328
8205, 38.746528, -0.890212
8205, 38.767361, -1.032888
8205, 38.840278, -0.267738
8205, 38.847222, -0.466863
8205, 38.916667, -0.638800
8205, 38.958333, -0.348440
8205, 38.961806, -0.411998
8205, 38.975694, 0.446456
8205, 39.104167, 0.532573
8205, 39.145833, 1.395469
8205, 39.152778, 0.408181
8205, 39.170139, 0.313444
8205, 39.187500, 0.170899
8205, 39.250000, 0.369148
8205, 39.270833, -0.451563
8205, 39.291667, -0.753659
8205, 39.315972, -0.171817
8205, 39.347222, -1.174465
8205, 39.479167, -0.686503
8205, 39.506944, -0.488874
8205, 39.541667, -0.208849
8205, 39.590278, 1.729796
8205, 39.659722, 1.166452
8205, 39.670139, 0.545833
8205, 39.708333, 0.580039
8205, 39.743056, 0.630984
8205, 39.760417, 0.063403
8205, 39.774306, 0.050844
8205, 39.805556, -0.130860
8205, 39.833333, 0.468723
8205, 39.850694, -0.664768
8205, 39.965278, -1.220478
8205, 40.177083, 0.448999
8205, 40.201389, 1.292754
8205, 40.211806, 0.523112
8205, 40.319444, 0.130373
8205, 40.465278, -0.972245
8205, 40.472222, -1.113869
8205, 40.520833, -0.448920
8205, 40.527778, -0.572999
8205, 40.562500, -0.342868
8205, 40.569444, -0.422371
8205, 40.583333, -0.797494
8205, 40.600694, -0.841609
8205, 40.618056, -0.067632
8205, 40.631944, -0.329429
8205, 40.652778, 0.309444
8205, 40.718750, 0.192730
8205, 40.798611, 0.520449
8205, 40.805556, 1.261629
8205, 40.847222, 1.053084
8205, 40.951389, -0.461412
8205, 40.965278, -0.600849
8205, 41.017361, -0.740463
8205, 41.065972, -1.140654
8205, 41.138889, -1.053413
8205, 41.156250, -0.465497
8205, 41.204861, -0.489339
8205, 41.243056, -0.207912
8205, 41.270833, 0.733853
8205, 41.274306, 0.104410
8205, 41.277778, 0.096837
8205, 41.319444, 1.311683
8205, 41.322917, 1.055683
8205, 41.347222, 1.380657
8205, 41.364583, 0.526420
8205, 41.430556, 0.939483
8205, 41.434028, 0.421377
8205, 41.447917, 0.944023
8205, 41.486111, 0.347822
8205, 41.520833, 0.132903
8205, 41.600694, -0.730579
8205, 41.645833, -1.149080
8205, 41.663194, -1.187546
8205, 41.673611, -1.087232
8205, 41.680556, -1.043759
8205, 41.694444, -1.013358
8205, 41.854167, 0.192865
8205, 41.864583, 0.941189
8205, 41.871528, 0.974034
8205, 41.902778, 0.455749
8205, 41.916667, 0.715598
8205, 41.934028, 1.213378
8205, 41.937500, 0.928064
8205, 41.951389, 0.539589
8205, 42.010417, 0.205019
8205, 42.100694, -0.548183
8205, 42.131944, -0.870776
8205, 42.201389, -1.004406
8205, 42.215278, -0.531242
8205, 42.246528, -1.183635
8205, 42.281250, -0.059360
8205, 42.336806, 0.907479
8205, 42.340278, 0.193769
8205, 42.375000, -0.118376
8205, 42.378472, -0.139127
8205, 42.402778, 1.903011
8205, 42.406250, 0.187997
8205, 42.461806, 0.415333
8205, 42.482639, 0.577089
8205, 42.503472, 1.275007
8205, 42.545139, 1.379136
8205, 42.552083, 1.011874
8205, 42.604167, 0.296701
8205, 42.670139, -0.676110
8205, 42.677083, -0.756075
8205, 42.694444, -0.855269
8205, 42.704861, -0.983828
8205, 42.774306, -0.865589
8205, 42.791667, -1.222268
8205, 42.881944, -0.674650
8205, 42.920139, 0.113646
8205, 42.937500, 0.704582
8205, 42.944444, -0.037704
8205, 42.951389, 0.729215
8205, 42.961806, 0.731032
8205, 42.979167, 0.878388
8205, 42.989583, 0.277512
8205, 43.000000, 1.066640
8205, 43.048611, 0.859182
8205, 43.086806, 0.772375
8205, 43.131944, 0.235187
8205, 43.142361, 0.815486
8205, 43.152778, 0.723203
8205, 43.173611, 0.081035
8205, 43.232639, -0.003266
8205, 43.267361, -0.883975
8205, 43.322917, -0.425569
8205, 43.350694, -1.203937
8205, 43.378472, -0.353831
8205, 43.423611, -0.853932
8205, 43.427083, -0.195159
8205, 43.451389, -0.538888
8205, 43.503472, -0.116494
8205, 43.527778, 0.735393
8205, 43.565972, 1.030515
8205, 43.586806, 1.337149
8205, 43.614583, 1.170099
8205, 43.628472, 0.550571
8205, 43.649306, 0.475291
8205, 43.652778, 0.547394
8205, 43.670139, 1.052588
8205, 43.677083, 0.789905
8205, 43.694444, 0.894713
8205, 43.722222, 1.206689
8205, 43.750000, -0.012909
8205, 43.763889, -0.332587
8205, 43.812500, -0.633622
8205, 43.826389, -0.937182
8205, 43.857639, -0.454177
8205, 43.951389, -0.397754
8205, 43.954861, -1.088766
8205, 43.972222, -0.027784
8205, 44.034722, -0.223676
8205, 44.045139, 0.411721
8205, 44.086806, 0.060811
8205, 44.159722, 0.479950
8205, 44.170139, 0.616624
8205, 44.173611, 1.202271
8205, 44.350694, -0.539249
8205, 44.430556, -1.122002
8205, 44.440972, -0.485302
8205, 44.451389, -1.210624
8205, 44.493056, -1.141624
8205, 44.513889, -1.073275
8205, 44.524306, -0.958569
8205, 44.552083, -0.823525
8205, 44.576389, 1.053450
8205, 44.614583, 0.887315
8205, 44.625000, 0.410844
8205, 44.642361, 0.143642
8205, 44.690972, 0.277194
8205, 44.697917, 0.399357
8205, 44.704861, 0.383509
8205, 44.729167, 1.386362
8205, 44.763889, 0.497535
8205, 44.770833, 1.136688
8205, 44.819444, 0.665888
8205, 44.885417, -0.197393
8205, 44.888889, -0.209171
8205, 44.951389, -0.592070
8205, 44.958333, -0.233173
8205, 45.093750, -1.081420
8205, 45.128472, -0.142377
8205, 45.135417, -0.400450
8205, 45.152778, -0.549773
8205, 45.170139, -0.353612
8205, 45.177083, 0.373658
8205, 45.197917, -0.149935
8205, 45.277778, 0.503290
8205, 45.298611, 0.601250
8205, 45.329861, 1.316487
8205, 45.357639, 0.614220
8205, 45.392361, 0.218063
8205, 45.409722, 0.217490
8205, 45.475694, -0.227557
8205, 45.506944, -0.586208
8205, 45.527778, -0.956644
8205, 45.659722, 1.538520
8205, 45.677083, -0.917778
8205, 45.687500, -0.110748
8205, 45.708333, -0.670828
8205, 45.767361, -0.149061
8205, 45.770833, 0.662505
8205, 45.788194, 0.090632
8205, 45.822917, 0.528325
8205, 45.826389, 0.399356
8205, 45.902778, 0.468253
8205, 45.909722, 1.147315
8205, 45.993056, 0.614710
8205, 46.038194, -0.459014
8205, 46.135417, -0.992974
8205, 46.152778, -1.005290
8205, 46.156250, -1.251511
8205, 46.232639, -0.966550
8205, 46.319444, 0.201898
8205, 46.357639, 0.997370
8205, 46.381944, 0.367172
8205, 46.392361, 1.407548
8205, 46.406250, 1.053291
8205, 46.423611, 0.676707
8205, 46.434028, 0.627185
8205, 46.444444, 1.444361
8205, 46.472222, 0.440016
8205, 46.475694, 0.586736
8205, 46.486111, 0.474914
8205, 46.527778, 0.230354
8205, 46.531250, 0.884839
8205, 46.534722, 0.154374
8205, 46.548611, 0.188691
8205, 46.625000, -0.651605
8205, 46.670139, -1.047275
8205, 46.697917, -1.186777
8205, 46.770833, -1.143937
8205, 46.784722, -1.084942
8205, 46.815972, -0.804877
8205, 46.885417, -0.213922
8205, 46.968750, 0.782378
8205, 46.989583, 1.252175
8205, 47.013889, 1.204844
8205, 47.055556, 1.091275
8205, 47.065972, 0.442548
8205, 47.090278, 0.248645
8205, 47.097222, 0.195045
8205, 47.128472, 0.560268
8205, 47.204861, -0.107175
8205, 47.225694, -0.817385
8205, 47.229167, -0.148161
8205, 47.250000, -1.144933
8205, 47.309028, -1.213522
8205, 47.315972, -1.035423
8205, 47.381944, -0.800910
8205, 47.444444, -0.200293
8205, 47.458333, -0.126733
8205, 47.461806, 0.845074
8205, 47.482639, 0.132973
8205, 47.486111, 0.105125
8205, 47.510417, 0.252142
8205, 47.534722, 1.316551
8205, 47.555556, 0.558916
8205, 47.559028, 0.491001
8205, 47.586806, 0.611620
8205, 47.774306, -0.198061
8205, 47.791667, -0.265324
8205, 47.822917, -0.633910
8205, 47.906250, -1.112411
8205, 47.927083, -1.001018
8205, 47.968750, -0.333700
8205, 47.989583, 0.194814
8205, 48.003472, -0.285204
8205, 48.135417, 1.345614
8205, 48.166667, 0.537110
8205, 48.184028, 0.362383
8205, 48.274306, -0.218943
8205, 48.291667, 0.073246
8205, 48.326389, -0.077824
8205, 48.354167, -0.732287
8205, 48.357639, -0.903798
8205, 48.437500, -1.114671
8205, 48.513889, -0.788503
8205, 48.565972, 0.356312
8205, 48.600694, 0.691860
8205, 48.618056, 0.205386
8205, 48.621528, 0.791201
8205, 48.836806, -0.175701
8205, 48.840278, -0.320469
8205, 49.000000, 0.155491
8205, 49.031250, -0.363577
8205, 49.072917, -0.637073
8205, 49.086806, -0.457515
8205, 49.163194, -0.010444
8205, 49.180556, 0.143730
8205, 49.218750, 0.545874
8205, 49.225694, 0.602391
8205, 49.343750, 0.979180
8205, 49.347222, 0.288166
8205, 49.354167, 0.151407
8205, 49.427083, -0.481014
8205, 49.454861, -0.675951
8205, 49.493056, -0.824909
8205, 49.503472, -1.136522
8205, 49.527778, -1.144160
8205, 49.559028, -1.055150
8205, 49.611111, -0.373849
8205, 49.739583, 0.882878
8205, 49.829861, 0.557439
8205, 49.833333, 1.344454
8205, 49.840278, 0.926506
8205, 49.861111, 0.536639
8205, 49.888889, 1.071754
8205, 49.954861, -0.109016
8205, 49.958333, -0.124223
8205, 50.006944, -0.306417
8205, 50.041667, -0.254092
8205, 50.072917, -1.084592
8205, 50.138889, -1.226974
8205, 50.166667, -1.007032
8205, 50.170139, -0.563575
8205, 50.194444, -0.119535
8205, 50.253472, -0.336583
8205, 50.267361, -0.074036
8205, 50.336806, 0.295058
8205, 50.375000, 1.163880
8205, 50.444444, 0.384872
8205, 50.458333, 0.496303
8205, 50.468750, 0.467970
8205, 50.489583, 1.202480
8205, 50.555556, 0.270669
8205, 50.559028, -0.533099
8205, 50.604167, -0.882019
8205, 50.635417, -0.189238
8205, 50.642361, -0.504702
8205, 50.729167, -1.090827
8205, 50.732639, -0.341291
8205, 50.760417, -0.923602
8205, 50.770833, -0.810356
8205, 50.788194, -0.398512
8205, 50.791667, 1.044289
8205, 50.819444, -0.341313
8205, 50.822917, -0.396880
8205, 50.871528, 0.131801
8205, 50.885417, 0.233846
8205, 50.906250, 1.002720
8205, 50.937500, 1.126052
8205, 50.996528, 0.413308
8205, 51.090278, -0.079111
8205, 51.142361, -0.702468
8205, 51.159722, -0.859022
8205, 51.201389, -1.031745
8205, 51.284722, -0.754364
8205, 51.298611, -0.145368
8205, 51.333333, -0.167242
8205, 51.357639, -0.545879
8205, 51.409722, 0.525943
8205, 51.413194, -0.099561
8205, 51.430556, 0.852758
8205, 51.451389, 0.852534
8205, 51.586806, 1.048224
8205, 51.697917, -0.052319
8205, 51.729167, -0.810823
8205, 51.788194, -0.337313
8205, 51.847222, -1.164342
8205, 51.857639, -0.414474
8205, 51.864583, -1.061631
8205, 51.875000, -0.184008
8205, 51.944444, -0.434856
8205, 51.954861, -0.149929
8205, 51.979167, 0.347257
8205, 52.024306, 0.269651
8205, 52.031250, 0.291454
8205, 52.048611, 0.382057
8205, 52.059028, 0.457251
8205, 52.065972, 0.430968
8205, 52.072917, 0.460068
8205, 52.090278, 0.594186
8205, 52.138889, 1.109839
8205, 52.166667, 0.193136
8205, 52.170139, 0.272089
8205, 52.184028, 0.078098
8205, 52.204861, 0.589325
8205, 52.277778, -0.777278
8205, 52.302083, -0.829899
8205, 52.309028, -0.198440
8205, 52.329861, -1.001640
8205, 52.375000, -0.987559
8205, 52.388889, -1.067854
8205, 52.406250, -0.114708
8205, 52.468750, -0.763232
8205, 52.472222, -0.112589
8205, 52.479167, 0.020738
8205, 52.517361, -0.217507
8205, 52.524306, -0.184783
8205, 52.527778, -0.161049
8205, 52.534722, -0.162269
8205, 52.579861, 0.970153
8205, 52.600694, 0.294279
8205, 52.645833, 0.520706
8205, 52.715278, 0.986469
8205, 52.756944, 0.060159
8205, 52.770833, -0.056225
8205, 52.784722, 0.521847
8205, 52.788194, -0.197486
8205, 52.829861, -0.630441
8205, 52.875000, -0.339249
8205, 52.923611, -1.152250
8205, 52.927083, -1.161315
8205, 52.930556, -0.378629
8205, 52.951389, -0.530775
8205, 52.986111, -1.129270
8205, 52.989583, -1.074758
8205, 53.034722, -0.099375
8205, 53.048611, 0.027984
8205, 53.097222, 0.450396
8205, 53.128472, 0.330662
8205, 53.170139, 1.099753
8205, 53.173611, 1.501751
8205, 53.180556, 0.446113
8205, 53.246528, 1.158236
8205, 53.256944, 0.627265
8205, 53.267361, 0.397324
8205, 53.302083, 0.266798
8205, 53.329861, -0.068886
8205, 53.333333, -0.085099
8205, 53.430556, -0.941713
8205, 53.437500, -0.320079
8205, 53.444444, -0.039056
8205, 53.454861, -0.917282
8205, 53.541667, -1.069643
8205, 53.725694, 0.303476
8205, 53.756944, 0.471239
8205, 53.788194, 0.504608
8205, 53.809028, 1.416497
8205, 53.819444, 1.058271
8205, 53.829861, 1.178850
8205, 53.847222, 0.414659
8205, 53.857639, 0.366377
8205, 53.951389, -0.556066
8205, 54.013889, -1.031117
8205, 54.065972, -1.252326
8205, 54.086806, -0.519968
8205, 54.128472, -0.332050
8205, 54.152778, -0.213843
8205, 54.156250, -0.207567
8205, 54.159722, -0.014118
8205, 54.190972, 0.201257
8205, 54.218750, 0.692189
8205, 54.298611, 0.400243
8205, 54.354167, 1.378560
8205, 54.364583, 1.146166
8205, 54.378472, 0.470706
8205, 54.430556, 0.286475
8205, 54.538194, -0.127794
8205, 54.541667, -0.154969
8205, 54.559028, -0.907227
8205, 54.586806, -1.135587
8205, 54.621528, -1.208321
8205, 54.652778, -1.206341
8205, 54.694444, -0.307175
8205, 54.725694, -0.141024
8205, 54.732639, -0.598889
8205, 54.770833, -0.405972
8205, 54.781250, -0.291825
8205, 54.805556, -0.018355
8205, 54.864583, 1.012016
8205, 54.885417, 0.613885
8205, 54.902778, 0.492151
8205, 54.906250, 1.136532
8205, 54.916667, 1.183045
8205, 54.923611, 0.560724
8205, 54.934028, 1.183238
8205, 54.958333, 0.391712
8205, 54.993056, 1.098283
8205, 54.996528, 0.377646
8205, 55.055556, -0.346167
8205, 55.114583, -0.832749
8205, 55.142361, -0.549047
8205, 55.145833, -0.737465
8205, 55.201389, -1.163036
8205, 55.211806, -1.144054
8205, 55.215278, -1.230307
8205, 55.225694, -1.177926
8205, 55.232639, -1.173552
8205, 55.243056, -1.062450
8205, 55.256944, -0.416573
8205, 55.315972, 0.221260
8205, 55.364583, 0.551196
8205, 55.385417, 0.306689
8205, 55.444444, 0.389681
8205, 55.482639, 0.487492
8205, 55.579861, 0.417466
8205, 55.607639, 0.469167
8205, 55.618056, -0.097934
8205, 55.753472, -1.131734
8205, 55.781250, -1.148184
8205, 55.791667, -0.391873
8205, 55.836806, -0.877816
8205, 55.878472, -0.552923
8205, 55.965278, 0.286262
8205, 55.986111, 0.367390
8205, 55.996528, 0.382909
8205, 56.041667, 0.473731
8205, 56.065972, 0.614231
8205, 56.083333, 0.409721
8205, 56.090278, 1.423046
8205, 56.131944, 0.502174
8205, 56.159722, -0.004004
8205, 56.173611, -0.217815
8205, 56.177083, -0.062848
8205, 56.204861, 0.414888
8205, 56.236111, -0.128746
8205, 56.250000, -0.163969
8205, 56.291667, -1.167075
8205, 56.298611, -0.505781
8205, 56.315972, -1.231290
8205, 56.336806, -0.558941
8205, 56.381944, -1.100387
8205, 56.392361, -0.987754
8205, 56.434028, -0.358759
8205, 56.486111, -0.111504
8205, 56.489583, -0.217559
8205, 56.496528, 0.361621
8205, 56.534722, 0.290285
8205, 56.552083, 0.280137
8205, 56.559028, 1.038927
8205, 56.562500, 1.411716
8205, 56.579861, 0.539540
8205, 56.593750, 0.518049
8205, 56.631944, 1.174039
8205, 56.645833, 1.087571
8205, 56.673611, 0.405896
8205, 56.690972, 0.261346
8205, 56.711806, 0.783872
8205, 56.729167, 0.702478
8205, 56.732639, -0.189530
8205, 56.784722, -0.667802
8205, 56.809028, -0.155697
8205, 56.833333, -0.896470
8205, 56.840278, -0.392095
8205, 56.850694, -1.070997
8205, 56.864583, -1.127829
8205, 56.909722, -1.163184
8205, 56.913194, -1.089512
8205, 56.972222, -0.179355
8205, 56.982639, -0.135984
8205, 56.996528, -0.632165
8205, 57.065972, 0.641183
8205, 57.072917, 0.239220
8205, 57.097222, 0.657320
8205, 57.118056, 0.980228
8205, 57.125000, 0.334216
8205, 57.145833, 0.448289
8205, 57.149306, 0.521660
8205, 57.232639, 0.329608
8205, 57.236111, 1.046469
8205, 57.253472, 1.068957
8205, 57.295139, -0.044589
8205, 57.322917, -0.267521
8205, 57.371528, -0.760427
8205, 57.381944, -0.956435
8205, 57.447917, -0.684638
8205, 57.468750, -1.200515
8205, 57.565972, -0.034123
8205, 57.586806, 0.260248
8205, 57.597222, -0.377273
8205, 57.645833, 0.746232
8205, 57.652778, 0.793363
8205, 57.670139, 0.995935
8205, 57.718750, 0.702686
8205, 57.725694, 0.484254
8205, 57.743056, 1.165974
8205, 57.746528, 0.609578
8205, 57.784722, 0.657076
8205, 57.805556, 1.158305
8205, 57.878472, -0.369558
8205, 57.937500, -0.760202
8205, 57.947917, 0.153919
8205, 57.993056, -0.199168
8205, 58.024306, -0.475198
8205, 58.052083, -0.623869
8205, 58.086806, -1.022239
8205, 58.107639, -0.905679
8205, 58.163194, 0.748555
8205, 58.222222, 0.111191
8205, 58.263889, 0.547512
8205, 58.309028, 0.593696
8205, 58.336806, 1.273022
8205, 58.340278, 0.628972
8205, 58.354167, 1.089351
8205, 58.368056, 1.041741
8205, 58.413194, 0.734082
8205, 58.440972, -0.233128
8205, 58.524306, -0.697654
8205, 58.534722, -0.723033
8205, 58.552083, -1.098300
8205, 58.562500, -1.211211
8205, 58.618056, -0.495119
8205, 58.652778, -0.253563
8205, 58.670139, 0.210789
8205, 58.711806, -0.461811
8205, 58.756944, 0.842963
8205, 58.791667, 0.178582
8205, 58.802083, 0.551430
8205, 58.805556, 0.307729
8205, 58.812500, 0.395482
8205, 58.899306, 0.613780
8205, 58.906250, 1.068989
8205, 58.909722, 0.440315
8205, 58.913194, 1.098415
8205, 58.958333, 0.854611
8205, 59.000000, -0.188385
8205, 59.013889, -0.316777
8205, 59.065972, -0.421699
8205, 59.076389, -0.258603
8205, 59.114583, -0.878494
8205, 59.145833, -1.158398
8205, 59.166667, -0.513686
8205, 59.177083, -1.137373
8205, 59.180556, -1.154875
8205, 59.239583, -0.441672
8205, 59.284722, -0.392620
8205, 59.305556, -0.173509
8205, 59.381944, 1.147219
8205, 59.427083, 1.296613
8205, 59.444444, 0.486370
8205, 59.475694, 0.465837
8205, 59.538194, -0.022241
8205, 59.569444, -0.295107
8205, 59.663194, -1.039255
8205, 59.690972, -0.974480
8205, 59.708333, -1.199254
8205, 59.746528, -1.062671
8205, 59.920139, 1.243642
8205, 59.923611, 0.311626
8205, 59.947917, 0.507483
8205, 59.975694, 0.492379
8205, 60.069444, 3.287656
8205, 60.125000, -0.052799
8205, 60.250000, -1.175266
8205, 60.305556, -0.088107
8205, 60.326389, -1.012355
8205, 60.378472, -0.585877
8205, 60.395833, -0.199935
8205, 60.434028, -0.201711
8205, 60.447917, 0.541994
8205, 60.451389, 0.002461
8205, 60.465278, 0.983574
8205, 60.517361, 0.708714
8205, 60.520833, 1.153998
8205, 60.541667, 0.716897
8205, 60.600694, 0.438384
8205, 60.656250, 0.110899
8205, 60.673611, 0.702042
8205, 60.697917, 0.700883
8205, 60.753472, -0.751098
8205, 60.812500, -0.735958
8205, 60.819444, -1.145982
8205, 60.847222, -1.203838
8205, 60.875000, -1.114681
8205, 60.888889, -0.411645
8205, 60.965278, 0.090520
8205, 60.982639, -0.436865
8205, 61.031250, 0.306982
8205, 61.038194, 0.139744
8205, 61.097222, 1.125918
8205, 61.114583, 1.169756
8205, 61.173611, 0.880588
8205, 61.187500, 0.307889
8205, 61.243056, -0.013789
8205, 61.274306, 0.657065
8205, 61.277778, -0.362415
8205, 61.295139, 0.054826
8205, 61.371528, -1.025381
8205, 61.388889, -1.214820
8205, 61.395833, -1.233053
8205, 61.430556, -1.002318
8205, 61.447917, -0.496183
8205, 61.451389, -1.168376
8205, 61.454861, -0.733777
8205, 61.475694, -0.166432
8205, 61.486111, -0.944369
8205, 61.548611, -0.409806
8205, 61.635417, 1.120702
8205, 61.659722, 1.104012
8205, 61.704861, 0.537112
8205, 61.750000, 0.409210
8205, 61.763889, 0.271571
8205, 61.788194, 0.091101
8205, 61.833333, -0.130361
8205, 61.840278, 0.348755
8205, 61.902778, -0.235538
8205, 61.909722, -0.980472
8205, 61.986111, -0.417152
8205, 62.020833, -1.128724
8205, 62.045139, -0.982863
8205, 62.100694, -0.502903
8205, 62.131944, 0.467495
8205, 62.135417, -0.143230
8205, 62.190972, 0.262605
8205, 62.239583, 0.630047
8205, 62.329861, 0.899688
8205, 62.340278, 0.932728
8205, 62.472222, -0.866895
8205, 62.493056, -0.425799
8205, 62.531250, -1.184477
8205, 62.545139, -0.390524
8205, 62.555556, -1.169910
8205, 62.625000, -0.140909
8205, 62.631944, -0.743768
8205, 62.697917, 0.261311
8205, 62.701389, -0.047820
8205, 62.774306, 1.062839
8205, 62.805556, 0.663725
8205, 62.815972, 0.516517
8205, 62.993056, -0.598508
8205, 63.003472, -0.671043
8205, 63.013889, -0.056497
8205, 63.017361, -0.752036
8205, 63.034722, -0.862027
8205, 63.055556, -1.110078
8205, 63.069444, -1.073884
8205, 63.097222, -1.149958
8205, 63.118056, -1.182736
8205, 63.125000, 0.568519
8205, 63.163194, -1.060950
8205, 63.284722, -0.003822
8205, 63.291667, 0.062109
8205, 63.354167, 1.130295
8205, 63.385417, 1.271264
8205, 63.451389, 0.255161
8205, 63.506944, 0.089654
8205, 63.565972, -0.436681
8205, 63.579861, -0.680801
8205, 63.593750, -0.222550
8205, 63.631944, -1.078255
8205, 63.642361, -1.167787
8205, 63.645833, -0.368794
8205, 63.687500, -0.855940
8205, 63.732639, -0.215150
8205, 63.767361, -0.014637
8205, 63.781250, -0.640833
8205, 63.798611, 0.215291
8205, 63.826389, -0.049805
8205, 63.854167, 0.798190
8205, 63.888889, 0.361374
8205, 63.961806, 0.516905
8205, 63.979167, 0.487960
8205, 63.989583, 0.430827
8205, 64.006944, 1.608618
8205, 64.041667, 0.186387
8205, 64.065972, 0.765896
8205, 64.131944, -0.708833
8205, 64.138889, -0.563339
8205, 64.197917, -1.025978
8205, 64.246528, -1.213654
8205, 64.253472, -0.566598
8205, 64.309028, -0.266157
8205, 64.343750, -0.661900
8205, 64.444444, 0.364505
8205, 64.468750, 1.173003
8205, 64.472222, 0.460003
8205, 64.493056, 0.543416
8205, 64.538194, 0.663262
8205, 64.548611, 0.432575
8205, 64.565972, 0.375106
8205, 64.666667, 0.215442
8205, 64.690972, 0.028722
8205, 64.694444, -0.009433
8205, 64.704861, -0.098628
8205, 64.715278, -0.897212
8205, 64.725694, -0.773218
8205, 64.732639, -0.858260
8205, 64.788194, -0.306526
8205, 64.847222, -1.112186
8205, 64.892361, -0.049106
8205, 64.895833, -0.681178
8205, 64.913194, 0.172539
8205, 64.923611, -0.089857
8205, 65.055556, 1.326892
8205, 65.065972, 0.453994
8205, 65.093750, 0.635912
8205, 65.114583, 0.449436
8205, 65.152778, 0.956121
8205, 65.156250, 0.994699
8205, 65.187500, -0.009880
8205, 65.197917, -0.118684
8205, 65.211806, -0.197063
8205, 65.253472, -0.491359
8205, 65.260417, 0.011396
8205, 65.270833, -0.800652
8205, 65.309028, 0.001965
8205, 65.357639, -0.478253
8205, 65.368056, -1.014700
8205, 65.465278, -0.597982
8205, 65.482639, 0.117848
8205, 65.496528, 0.315152
8205, 65.545139, 0.829954
8205, 65.625000, 0.432260
8205, 65.635417, 0.754130
8205, 65.656250, 1.202572
8205, 65.697917, 1.152905
8205, 65.711806, 1.708838
8205, 65.736111, 0.742834
8205, 65.770833, -0.152899
8205, 65.774306, -0.273897
8205, 65.791667, -0.392881
8205, 65.878472, -0.117821
8205, 65.902778, -1.154264
8205, 65.906250, -1.191528
8205, 65.923611, -0.453359
8205, 65.927083, -1.037072
8205, 66.059028, -0.487110
8205, 66.062500, -0.438172
8205, 66.072917, -0.271963
8205, 66.083333, -0.267286
8205, 66.090278, 1.107808
8205, 66.100694, 0.611429
8205, 66.187500, 0.624270
8205, 66.201389, 0.898336
8205, 66.232639, 0.604838
8205, 66.253472, 1.050150
8205, 66.288194, 1.042964
8205, 66.385417, 0.055765
8205, 66.416667, -0.269916
8205, 66.420139, -0.168467
8205, 66.434028, -0.910430
8205, 66.451389, -1.137994
8205, 66.472222, -1.184459
8205, 66.482639, -0.969830
8205, 66.559028, -0.929876
8205, 66.583333, -0.168373
8205, 66.604167, -0.645023
8205, 66.614583, 0.992669
8205, 66.618056, -0.393783
8205, 66.621528, -0.174257
8205, 66.625000, -0.240497
8205, 66.652778, -0.163588
8205, 66.666667, -0.028922
8205, 66.715278, 0.322084
8205, 66.718750, 0.319767
8205, 66.892361, 0.943039
8205, 66.902778, -0.131787
8205, 66.906250, 0.466519
8205, 66.916667, -0.243412
8205, 66.954861, -0.643878
8205, 66.968750, -0.842278
8205, 66.982639, -0.905196
8205, 67.010417, -1.039513
8205, 67.065972, -0.517072
8205, 67.118056, -0.274306
8205, 67.131944, 0.675878
8205, 67.215278, -0.185422
8205, 67.236111, 0.675992
8205, 67.239583, 0.494273
8205, 67.246528, 0.421060
8205, 67.250000, 0.173556
8205, 67.260417, 0.213296
8205, 67.329861, 0.683569
8205, 67.409722, 0.930433
8205, 67.444444, 0.165380
8205, 67.489583, -0.449257
8205, 67.506944, -0.611774
8205, 67.524306, -0.045620
8205, 67.538194, -0.815267
8205, 67.586806, -1.120838
8205, 67.625000, -1.243713
8205, 67.666667, -1.068559
8205, 67.684028, -0.345571
8205, 67.694444, -0.771033
8205, 67.701389, -0.887378
8205, 67.708333, -0.095639
8205, 67.718750, -0.664245
8205, 67.750000, 0.680195
8205, 67.756944, -0.442562
8205, 67.781250, -0.118636
8205, 67.784722, 0.533023
8205, 67.902778, 0.707185
8205, 67.961806, 0.587043
8205, 67.975694, 0.943783
8205, 67.986111, 0.839573
8205, 67.993056, 0.302920
8205, 68.003472, 0.900388
8205, 68.038194, -0.197191
8205, 68.197917, -0.476120
8205, 68.274306, -0.145563
8205, 68.295139, -0.674155
8205, 68.309028, 0.127248
8205, 68.336806, 0.575978
8205, 68.361111, 0.031924
8205, 68.364583, 0.637309
8205, 68.399306, 0.212672
8205, 68.451389, 1.209197
8205, 68.489583, 0.520411
8205, 68.548611, 1.028595
8205, 68.607639, -0.192469
8205, 68.638889, -0.438182
8205, 68.666667, -0.776260
8205, 68.670139, 0.152811
8205, 68.704861, -1.114483
8205, 68.736111, -1.065992
8205, 68.750000, -1.181092
8205, 68.760417, -1.038435
8205, 68.788194, -0.301521
8205, 68.798611, -1.117353
8205, 68.968750, 0.440542
8205, 68.996528, 0.568624
8205, 69.006944, 0.436742
8205, 69.013889, 0.737646
8205, 69.128472, 0.056843
8205, 69.145833, 0.642559
8205, 69.170139, -0.259853
8205, 69.201389, -0.637804
8205, 69.295139, -1.191632
8205, 69.302083, -0.742108
8205, 69.312500, -0.321645
8205, 69.315972, -1.236591
8205, 69.364583, -0.352592
8205, 69.409722, -0.828676
8205, 69.434028, 0.185028
8205, 69.503472, 0.140224
8205, 69.527778, 0.318033
8205, 69.565972, 1.035974
8205, 69.590278, 0.855312
8205, 69.621528, 1.145175
8205, 69.638889, 0.637242
8205, 69.690972, 0.753621
8205, 69.697917, 0.714705
8205, 69.739583, -0.348465
8205, 69.781250, -0.762388
8205, 69.784722, -0.737778
8205, 69.791667, -0.464634
8205, 69.836806, -0.920015
8205, 69.847222, -0.477247
8205, 69.850694, -1.177099
8205, 69.871528, -1.046584
8205, 69.913194, -1.176466
8205, 69.968750, -0.181521
8205, 70.013889, -0.335652
8205, 70.034722, -0.221361
8205, 70.041667, -0.011595
8205, 70.062500, 0.130407
8205, 70.111111, 0.758844
8205, 70.215278, 0.416608
8205, 70.295139, -0.155945
8205, 70.298611, 0.724917
8205, 70.326389, 0.115958
8205, 70.340278, 0.384822
8205, 70.343750, -0.736391
8205, 70.458333, -0.486204
8205, 70.545139, -0.084736
8205, 70.666667, 0.966267
8205, 70.680556, 0.382393
8205, 70.725694, 1.330209
8205, 70.812500, 0.182989
8205, 70.840278, 0.016018
8205, 70.909722, -0.032674
8205, 70.916667, 0.065732
8205, 71.062500, -0.338585
8205, 71.069444, -0.816833
8205, 71.131944, -0.587304
8205, 71.142361, -0.466581
8205, 71.156250, 0.293740
8205, 71.177083, -0.086913
8205, 71.256944, 0.530577
8205, 71.267361, 1.088248
8205, 71.302083, 1.174089
8205, 71.312500, 1.317124
8205, 71.336806, 0.449601
8205, 71.423611, -0.242783
8205, 71.479167, -0.777679
8205, 71.496528, -0.238915
8205, 71.510417, -0.597558
8205, 71.524306, -0.401192
8205, 71.621528, -1.129395
8205, 71.652778, -0.704599
8205, 71.732639, -0.174251
8205, 71.743056, 0.821858
8205, 71.753472, 0.623681
8205, 71.777778, 0.897208
8205, 71.788194, 0.438256
8205, 71.885417, 1.125996
8205, 71.947917, 0.194128
8205, 71.968750, 0.104439
8205, 71.975694, -0.175605
8205, 71.986111, -0.165610
8205, 72.003472, 0.351802
8205, 72.031250, -0.618777
8205, 72.065972, -0.172645
8205, 72.079861, -0.915852
8205, 72.125000, -1.122536
8205, 72.215278, 0.745194
8205, 72.229167, -0.736900
8205, 72.236111, 0.143770
8205, 72.298611, -0.133707
8205, 72.302083, 0.539563
8205, 72.315972, 0.157466
8205, 72.326389, 0.084646
8205, 72.350694, 0.870872
8205, 72.354167, 0.497233
8205, 72.357639, 0.417631
8205, 72.406250, 1.214815
8205, 72.423611, 0.751574
8205, 72.451389, 1.425493
8205, 72.493056, 0.993998
8205, 72.513889, 0.820691
8205, 72.538194, 0.552668
8205, 72.645833, -0.341975
8205, 72.697917, -0.294656
8205, 72.736111, -1.154263
8205, 72.774306, -1.009264
8205, 72.788194, -0.630337
8205, 72.802083, -0.436044
8205, 72.805556, -0.593056
8205, 72.947917, 0.680751
8205, 73.000000, 0.524242
8205, 73.006944, 0.599751
8205, 73.065972, 0.843711
8205, 73.086806, 1.611931
8205, 73.114583, 0.496640
8205, 73.121528, -0.324588
8205, 73.142361, -0.498453
8205, 73.145833, -0.326311
8205, 73.184028, -0.806982
8205, 73.190972, -0.830792
8205, 73.211806, -1.009286
8205, 73.281250, -1.200095
8205, 73.288194, -0.095334
8205, 73.305556, -1.190358
8205, 73.315972, -0.908515
8205, 73.319444, -0.437926
8205, 73.381944, -0.652800
8205, 73.388889, -0.490248
8205, 73.402778, -0.369437
8205, 73.406250, -0.370822
8205, 73.437500, 0.264639
8205, 73.451389, 0.762803
8205, 73.461806, 0.118690
8205, 73.506944, 0.493077
8205, 73.513889, 1.122328
8205, 73.524306, 1.126200
8205, 73.527778, 0.445283
8205, 73.534722, 0.815633
8205, 73.565972, 1.208705
8205, 73.621528, 0.924102
8205, 73.642361, 0.124338
8205, 73.718750, 0.120816
8205, 73.798611, -0.495614
8205, 73.826389, -0.534154
8205, 73.843750, -1.117304
8205, 73.871528, -1.059070
8205, 73.881944, -0.461802
8205, 73.885417, -0.814434
8205, 73.916667, -0.694590
8205, 73.920139, -0.186282
8205, 73.958333, -0.365951
8205, 74.013889, -0.012751
8205, 74.045139, 0.975031
8205, 74.052083, 0.261752
8205, 74.065972, 0.344115
8205, 74.072917, 1.044564
8205, 74.076389, 1.199733
8205, 74.204861, 0.167930
8205, 74.253472, 0.390325
8205, 74.256944, 0.374040
8205, 74.288194, -0.644806
8205, 74.326389, -0.833803
8205, 74.350694, -0.333212
8205, 74.375000, -1.218127
8205, 74.381944, -1.175646
8205, 74.392361, -0.599407
8205, 74.444444, -1.077222
8205, 74.486111, -0.434104
8205, 74.496528, -0.122444
8205, 74.517361, -0.355446
8205, 74.527778, -0.220758
8205, 74.607639, 1.033537
8205, 74.638889, 1.096053
8205, 74.645833, 3.177889
8205, 74.666667, 0.459592
8205, 74.725694, 0.714190
8205, 74.746528, 0.359576
8205, 74.836806, -0.528041
8205, 74.847222, 0.188663
8205, 74.850694, 0.063693
8205, 74.861111, 0.065518
8205, 74.916667, -0.284914
8205, 74.972222, -1.083188
8205, 74.975694, 0.779698
8205, 75.031250, -0.906270
8205, 75.059028, -0.683840
8205, 75.062500, -0.099442
8205, 75.166667, 0.229866
8205, 75.170139, 0.531765
8205, 75.177083, 1.010201
8205, 75.194444, 1.036852
8205, 75.215278, 0.449200
8205, 75.222222, 0.472107
8205, 75.239583, 1.221862
8205, 75.315972, 0.233642
8205, 75.361111, 0.153096
8205, 75.364583, 0.688134
8205, 75.434028, -0.440307
8205, 75.451389, -0.565300
8205, 75.468750, -0.840967
8205, 75.479167, -0.440512
8205, 75.527778, -1.001436
8205, 75.552083, -0.221275
8205, 75.569444, -0.994977
8205, 75.586806, -0.353901
8205, 75.666667, -0.295593
8205, 75.684028, -0.235004
8205, 75.690972, -0.189020
8205, 75.756944, 0.348877
8205, 75.795139, 0.484673
8205, 75.798611, 0.773910
8205, 75.829861, 1.282758
8205, 75.881944, 0.908872
8205, 75.892361, 0.201494
8205, 75.902778, 0.253112
8205, 75.927083, 0.283998
8205, 75.958333, 0.259853
8205, 75.968750, -0.489926
8205, 75.975694, -0.514786
8205, 75.993056, -0.757356
8205, 76.079861, -1.194969
8205, 76.114583, -0.939562
8205, 76.177083, -0.836639
8205, 76.184028, -0.747592
8205, 76.190972, -0.752899
8205, 76.218750, 0.844413
8205, 76.222222, -0.343309
8205, 76.225694, -0.455548
8205, 76.246528, -0.084199
8205, 76.256944, -0.110670
8205, 76.270833, 2.774147
8205, 76.277778, 0.260872
8205, 76.281250, 0.053357
8205, 76.322917, 1.074229
8205, 76.423611, 1.274908
8205, 76.451389, 0.850213
8205, 76.458333, 0.839699
8205, 76.482639, 0.827472
8205, 76.524306, 0.261813
8205, 76.531250, -0.366917
8205, 76.545139, -0.586306
8205, 76.576389, -0.757725
8205, 76.583333, -0.929662
8205, 76.704861, -0.363629
8205, 76.736111, -0.761262
8205, 76.743056, -0.892229
8205, 76.802083, 0.088227
8205, 76.850694, 0.929303
8205, 76.868056, 0.226040
8205, 76.871528, 1.002221
8205, 76.954861, 0.573680
8205, 76.972222, 1.132055
8205, 77.017361, 0.256772
8205, 77.048611, 0.353705
8205, 77.104167, -0.485101
8205, 77.159722, -0.276122
8205, 77.232639, -0.286565
8205, 77.246528, -0.289021
8205, 77.274306, -0.847317
8205, 77.291667, -0.300231
8205, 77.302083, -0.203569
8205, 77.312500, -0.180270
8205, 77.329861, 0.161433
8205, 77.375000, 0.019865
8205, 77.402778, 0.126565
8205, 77.440972, 0.363441
8205, 77.454861, 0.782201
8205, 77.458333, 0.367403
8205, 77.538194, 0.414220
8205, 77.562500, 0.602404
8205, 77.586806, 0.421182
8205, 77.652778, -0.044878
8205, 77.722222, -0.828407
8205, 77.725694, -0.876407
8205, 77.729167, -1.004698
8205, 77.774306, -1.141588
8205, 77.795139, -0.568144
8205, 77.829861, -0.391204
8205, 77.836806, -0.925303
8205, 77.861111, -0.857287
8205, 77.902778, -0.356043
8205, 77.944444, -0.198116
8205, 77.947917, 0.466163
8205, 77.958333, -0.100507
8205, 77.975694, 0.711079
8205, 77.996528, 1.225104
8205, 78.006944, 0.968860
8205, 78.031250, 0.387812
8205, 78.062500, 0.526837
8205, 78.100694, 0.468980
8205, 78.121528, 1.463747
8205, 78.128472, 1.038236
8205, 78.145833, 1.170348
8205, 78.156250, 0.169998
8205, 78.159722, 0.875909
8205, 78.170139, 0.861525
8205, 78.187500, 0.206570
8205, 78.197917, -0.093207
8205, 78.215278, 0.364794
8205, 78.229167, 0.151814
8205, 78.357639, -0.768738
8205, 78.371528, -1.206097
8205, 78.437500, -0.756199
8205, 78.503472, -0.251991
8205, 78.506944, 0.494170
8205, 78.545139, 0.101663
8205, 78.569444, 1.239929
8205, 78.583333, 0.646461
8205, 78.652778, 0.478376
8205, 78.690972, 0.972057
8205, 78.718750, 0.885070
8205, 78.729167, 0.039891
8205, 78.802083, -0.530772
8205, 78.809028, 0.328909
8205, 78.871528, -1.100484
8205, 78.923611, -1.229244
8205, 79.034722, -0.606225
8205, 79.041667, -0.287393
8205, 79.045139, -0.451635
8205, 79.097222, 0.585956
8205, 79.111111, 0.190355
8205, 79.125000, 0.230988
8205, 79.173611, 1.120626
8205, 79.180556, 1.302330
8205, 79.184028, 0.465031
8205, 79.211806, 0.508569
8205, 79.253472, 0.994490
8205, 79.406250, -0.958838
8205, 79.430556, -1.093249
8205, 79.447917, -0.361103
8205, 79.513889, -1.047513
8205, 79.541667, -0.281295
8205, 79.593750, -0.584015
8205, 79.642361, 0.542423
8205, 79.663194, 0.674517
8205, 79.732639, 0.450229
8205, 79.753472, 1.311987
8205, 79.802083, 0.428342
8205, 79.829861, 0.297307
8205, 79.875000, 0.177365
8205, 79.902778, 0.548982
8205, 79.906250, -0.081846
8205, 79.920139, -0.115677
8205, 79.930556, 0.030367
8205, 79.947917, -0.748520
8205, 80.017361, -0.493709
8205, 80.062500, -1.134804
8205, 80.142361, -0.760151
8205, 80.184028, 0.319562
8205, 80.229167, 0.181219
8205, 80.284722, 1.168455
8205, 80.399306, 0.926826
8205, 80.527778, -0.692359
8205, 80.642361, 1.453433
8205, 80.680556, -0.278244
8205, 80.708333, -0.606592
8205, 80.725694, -0.634028
8205, 80.729167, -0.493929
8205, 80.781250, 0.020028
8205, 80.784722, 0.648973
8205, 80.791667, 0.477470
8205, 80.840278, 0.967219
8205, 80.888889, 1.866217
8205, 80.906250, 0.567865
8205, 80.944444, 1.181507
8205, 80.951389, 0.300392
8205, 80.954861, 0.382520
8205, 81.017361, 0.494718
8205, 81.027778, 0.075721
8205, 81.086806, -0.856838
8205, 81.111111, 0.018958
8205, 81.131944, -0.334549
8205, 81.170139, -1.014412
8205, 81.184028, -1.236966
8205, 81.229167, -0.978528
8205, 81.236111, -0.552841
8205, 81.267361, -0.538376
8205, 81.284722, -0.153816
8205, 81.288194, -0.553416
8205, 81.291667, 0.159048
8205, 81.326389, -0.259044
8205, 81.343750, -0.076505
8205, 81.347222, 0.631954
8205, 81.354167, 0.740856
8205, 81.381944, 0.213573
8205, 81.420139, 0.411680
8205, 81.451389, 1.254418
8205, 81.493056, 1.076762
8205, 81.503472, 1.056308
8205, 81.579861, -0.161021
8205, 81.590278, -0.107499
8205, 81.611111, 1.282696
8205, 81.645833, -0.745289
8205, 81.659722, -0.777873
8205, 81.722222, -0.483940
8205, 81.756944, -1.187084
8205, 81.850694, -0.343666
8205, 81.902778, 0.496981
8205, 81.937500, 0.976228
8205, 81.968750, 0.329535
8205, 81.993056, 0.499292
8205, 82.000000, 0.568527
8205, 82.013889, 1.233970
8205, 82.086806, 0.274603
8205, 82.114583, 0.751284
8205, 82.156250, 0.485732
8205, 82.163194, -0.367069
8205, 82.201389, -0.595718
8205, 82.204861, -0.319121
8205, 82.232639, 0.092631
8205, 82.319444, -1.231966
8205, 82.381944, -0.263672
8205, 82.395833, -0.751006
8205, 82.420139, 0.091504
8205, 82.527778, 0.964499
8205, 82.559028, 0.413920
8205, 82.572917, 1.399794
8205, 82.590278, 0.817423
8205, 82.604167, 0.481798
8205, 82.631944, 0.771952
8205, 82.642361, 0.325504
8205, 82.656250, 0.916486
8205, 82.670139, 1.034604
8205, 82.694444, -0.044144
8205, 82.715278, -0.117420
8205, 82.725694, 0.460547
8205, 82.732639, 0.246438
8205, 82.739583, 0.288890
8205, 82.743056, -0.507227
8205, 82.805556, -0.110442
8205, 82.843750, -1.056256
8205, 82.847222, -1.099056
8205, 82.951389, -0.890279
8205, 82.965278, -0.778752
8205, 82.986111, -0.331013
8205, 82.989583, 0.152753
8205, 83.000000, 0.279116
8205, 83.003472, -0.269252
8205, 83.045139, 0.227079
8205, 83.052083, 0.025279
8205, 83.065972, 0.839862
8205, 83.083333, 0.955043
8205, 83.107639, 0.438249
8205, 83.125000, 0.468050
8205, 83.232639, 0.245109
8205, 83.239583, 0.899104
8205, 83.288194, -0.310731
8205, 83.309028, -0.312512
8205, 83.326389, -0.470715
8205, 83.357639, -0.787124
8205, 83.361111, -0.028628
8205, 83.378472, -0.410761
8205, 83.395833, -1.097262
8205, 83.451389, -1.115050
8205, 83.486111, -1.077515
8205, 83.520833, -0.801398
8205, 83.625000, 0.081733
8205, 83.628472, 0.214630
8205, 83.635417, 0.985035
8205, 83.638889, 0.947400
8205, 83.656250, 1.400293
8205, 83.663194, 1.085844
8205, 83.694444, 1.221659
8205, 83.708333, 1.360770
8205, 83.722222, 0.545278
8205, 83.750000, 1.090665
8205, 83.767361, 0.365898
8205, 83.791667, 0.871476
8205, 83.795139, 0.198817
8205, 83.809028, 0.825311
8205, 83.906250, -0.777535
8205, 83.909722, 0.074929
8205, 83.916667, -0.898416
8205, 83.944444, -0.932530
8205, 84.048611, -1.126158
8205, 84.062500, -1.004903
8205, 84.104167, -0.593171
8205, 84.163194, -0.044363
8205, 84.204861, 0.186727
8205, 84.211806, 0.307786
8205, 84.225694, 0.747323
8205, 84.340278, 0.998521
8205, 84.357639, 0.190496
8205, 84.406250, -0.177951
8205, 84.420139, 0.353920
8205, 84.437500, 0.191210
8205, 84.451389, -0.623758
8205, 84.458333, 0.531993
8205, 84.538194, -1.206370
8205, 84.579861, -1.137446
8205, 84.590278, -1.068149
8205, 84.614583, -0.758416
8205, 84.631944, -0.935511
8205, 84.638889, -0.974475
8205, 84.649306, -0.892696
8205, 84.687500, -0.459441
8205, 84.736111, 0.004556
8205, 84.788194, 0.464627
8205, 84.829861, 0.474012
8205, 84.871528, 1.138577
8205, 84.895833, 0.407395
8205, 84.906250, 0.768729
8205, 84.913194, 0.285795
8205, 84.923611, 0.189668
8205, 84.937500, 0.797040
8205, 84.951389, -0.025161
8205, 84.972222, -0.204670
8205, 84.975694, -0.270445
8205, 85.031250, -0.706698
8205, 85.038194, -0.707846
8205, 85.065972, -0.842886
8205, 85.083333, 0.076029
8205, 85.086806, -0.929205
8205, 85.125000, -1.002700
8205, 85.166667, -0.471822
8205, 85.180556, -1.001215
8205, 85.197917, -0.191385
8205, 85.298611, 0.614273
8205, 85.309028, 0.789103
8205, 85.336806, 0.252008
8205, 85.340278, 0.999583
8205, 85.385417, 0.514272
8205, 85.399306, 0.452587
8205, 85.413194, 1.267769
8205, 85.430556, 0.528669
8205, 85.434028, 1.458009
8205, 85.451389, 1.206694
8205, 85.461806, 0.421767
8205, 85.579861, 0.078755
8205, 85.621528, -0.847577
8205, 85.704861, -1.223743
8205, 85.715278, -1.046699
8205, 85.805556, -0.433620
8205, 85.815972, -0.485975
8205, 85.843750, -0.280627
8205, 85.857639, -0.177031
8205, 85.881944, 1.354539
8205, 85.940972, 1.346261
8205, 85.961806, 1.299235
8205, 85.975694, 0.567606
8205, 86.017361, 1.193350
8205, 86.090278, -0.032395
8205, 86.097222, 0.608028
8205, 86.121528, 0.278027
8205, 86.163194, -0.002090
8205, 86.201389, 0.330142
8205, 86.225694, -1.085412
8205, 86.260417, -1.067007
8205, 86.274306, -1.207553
8205, 86.277778, -1.022383
8205, 86.305556, -1.121284
8205, 86.312500, -1.049773
8205, 86.347222, -0.065484
8205, 86.350694, 0.120516
8205, 86.364583, 0.441014
8205, 86.392361, -0.429295
8205, 86.402778, -0.312105
8205, 86.458333, 0.174198
8205, 86.461806, 0.146059
8205, 86.493056, 0.396611
8205, 86.503472, 0.396478
8205, 86.541667, 0.592631
8205, 86.548611, 0.658591
8205, 86.562500, 0.502658
8205, 86.600694, 1.109809
8205, 86.701389, -0.429570
8205, 86.746528, -0.900081
8205, 86.770833, -1.090033
8205, 86.826389, -0.576178
8205, 86.892361, -0.923702
8205, 86.923611, 0.590322
8205, 86.930556, -0.501862
8205, 86.934028, -0.632138
8205, 86.947917, 0.203988
8205, 87.000000, 0.641014
8205, 87.038194, 1.175828
8205, 87.052083, 0.421558
8205, 87.180556, 0.870904
8205, 87.201389, 0.026448
8205, 87.225694, 0.776859
8205, 87.243056, 0.477605
8205, 87.277778, -0.633298
8205, 87.309028, -0.170143
8205, 87.336806, -0.317170
8205, 87.378472, -0.513459
8205, 87.399306, -1.177883
8205, 87.413194, -1.042030
8205, 87.434028, -1.136926
8205, 87.486111, -0.743702
8205, 87.534722, 0.587912
8205, 87.569444, 0.087186
8205, 87.625000, 0.417504
8205, 87.645833, 1.203043
8205, 87.708333, 0.393644
8205, 87.784722, 0.755821
8205, 87.795139, -0.222685
8205, 87.840278, 0.009536
8205, 87.864583, -0.096194
8205, 87.902778, -1.098591
8205, 87.927083, -1.117658
8205, 87.968750, -0.566597
8205, 88.000000, -1.021417
8205, 88.006944, -0.359595
8205, 88.038194, -0.883965
8205, 88.111111, -0.230641
8205, 88.145833, 0.821078
8205, 88.166667, 0.901285
8205, 88.184028, 1.220827
8205, 88.194444, 1.063460
8205, 88.197917, 0.693490
8205, 88.208333, 0.586915
8205, 88.215278, 1.167831
8205, 88.236111, 1.270651
8205, 88.253472, 0.696219
8205, 88.350694, 0.279376
8205, 88.378472, -0.300449
8205, 88.461806, -0.434516
8205, 88.531250, -0.562088
8205, 88.555556, -1.137713
8205, 88.562500, -0.378129
8205, 88.583333, -1.021545
8205, 88.607639, -0.855462
8205, 88.718750, 0.482089
8205, 88.732639, 1.198524
8205, 88.739583, 0.961043
8205, 88.788194, 0.593614
8205, 88.951389, -0.352360
8205, 88.982639, -0.744323
8205, 89.020833, -0.206846
8205, 89.059028, -0.366658
8205, 89.065972, -1.111472
8205, 89.079861, -1.141262
8205, 89.111111, -1.001207
8205, 89.145833, -1.022863
8205, 89.180556, 0.000498
8205, 89.253472, 0.599300
8205, 89.270833, 0.325475
8205, 89.302083, 0.973134
8205, 89.326389, 1.228447
8205, 89.336806, 0.474537
8205, 89.434028, 1.126158
8205, 89.437500, 0.251134
8205, 89.559028, -0.147104
8205, 89.600694, -1.128221
8205, 89.604167, -1.108232
8205, 89.611111, -1.072655
8205, 89.621528, -1.166016
8205, 89.625000, -1.085663
8205, 89.635417, -1.145630
8205, 89.642361, -0.529521
8205, 89.645833, -1.138154
8205, 89.659722, -1.078315
8205, 89.680556, -0.923769
8205, 89.753472, -0.003985
8205, 89.760417, 0.137781
8205, 89.784722, -0.334067
8205, 89.795139, -0.303796
8205, 89.822917, 0.016969
8205, 89.829861, -0.012511
8205, 89.871528, 1.305322
8205, 89.954861, 1.679688
8205, 90.048611, 0.617828
8205, 90.079861, 0.726427
8205, 90.100694, -0.378316
8205, 90.173611, -1.091790
8205, 90.222222, -0.549189
8205, 90.225694, -1.157190
8205, 90.236111, -1.148309
8205, 90.246528, -0.934771
8205, 90.315972, -0.019663
8205, 90.336806, -0.509853
8205, 90.361111, -0.238932
8205, 90.364583, -0.232042
8205, 90.392361, 0.668486
8205, 90.395833, 0.676232
8205, 90.399306, 0.738097
8205, 90.440972, 0.318225
8205, 90.447917, 1.122743
8205, 90.527778, 0.449471
8205, 90.631944, 0.509014
8205, 90.635417, 0.325435
8205, 90.656250, -0.558028
8205, 90.770833, -0.923103
8205, 90.833333, -0.774516
8205, 90.857639, -0.201422
8205, 90.868056, -0.604216
8205, 90.965278, 0.126722
8205, 91.017361, 0.424511
8205, 91.083333, 0.450569
8205, 91.163194, -0.044677
8205, 91.190972, 0.356818
8205, 91.194444, -0.324346
8205, 91.232639, -0.639455
8205, 91.267361, -0.216282
8205, 91.274306, -1.006310
8205, 91.291667, -0.398959
8205, 91.350694, -1.106432
8205, 91.447917, -0.650362
8205, 91.486111, 0.043394
8205, 91.520833, 0.248382
8205, 91.527778, 0.714936
8205, 91.534722, 0.933098
8205, 91.579861, 0.411000
8205, 91.604167, 0.489357
8205, 91.607639, 1.276360
8205, 91.656250, 1.203189
8205, 91.687500, 0.299260
8205, 91.704861, 0.925613
8205, 91.711806, 0.126019
8205, 91.722222, 0.049983
8205, 91.729167, 0.145647
8205, 91.791667, -0.516264
8205, 91.822917, -0.882515
8205, 91.878472, -0.527437
8205, 91.892361, -0.539364
8205, 91.958333, -0.977448
8205, 91.965278, -0.092415
8205, 92.017361, 0.162900
8205, 92.020833, 0.077742
8205, 92.024306, 0.152264
8205, 92.034722, 0.463419
8205, 92.048611, 0.416742
8205, 92.083333, 1.059368
8205, 92.100694, 0.328046
8205, 92.118056, 0.311675
8205, 92.128472, 0.356641
8205, 92.135417, 1.035887
8205, 92.163194, 1.232478
8205, 92.201389, 0.468653
8205, 92.250000, 0.512850
8205, 92.263889, 0.980900
8205, 92.288194, 0.080622
8205, 92.295139, 0.655976
8205, 92.315972, -0.235392
8205, 92.329861, -0.271237
8205, 92.340278, 0.526004
8205, 92.392361, -0.858524
8205, 92.510417, -0.786140
8205, 92.572917, -0.691175
8205, 92.600694, -0.217248
8205, 92.614583, -0.131513
8205, 92.638889, -0.063012
8205, 92.652778, 0.048685
8205, 92.673611, 0.991280
8205, 92.725694, 1.394829
8205, 92.760417, 0.753126
8205, 92.781250, 0.455164
8205, 92.805556, 0.360854
8205, 92.815972, 1.264066
8205, 92.854167, 0.200910
8205, 92.899306, -0.458045
8205, 92.975694, -1.067503
8205, 93.048611, -1.203358
8205, 93.170139, -0.352608
8205, 93.201389, -0.116549
8205, 93.208333, 0.115562
8205, 93.232639, 0.204163
8205, 93.270833, 0.381757
8205, 93.368056, 1.275624
8205, 93.413194, 0.195027
8205, 93.604167, -0.480945
8205, 93.687500, 1.010904
8205, 93.690972, -0.671487
8205, 93.711806, -0.535795
8205, 93.781250, 0.019245
8205, 93.784722, 0.063508
8205, 93.840278, 1.227800
8205, 93.857639, 0.629019
8205, 93.927083, 1.097785
8205, 93.934028, 1.669703
8205, 93.961806, 1.086590
8205, 93.965278, 0.203950
8205, 93.996528, -0.029512
8205, 94.062500, 0.146741
8205, 94.065972, -0.537383
8205, 94.208333, -1.038212
8205, 94.298611, -0.338725
8205, 94.305556, -0.293007
8205, 94.312500, 0.375338
8205, 94.326389, 0.565238
8205, 94.343750, 0.369698
8205, 94.354167, 0.735024
8205, 94.392361, 0.310653
8205, 94.461806, 1.210528
8205, 94.493056, 0.856978
8205, 94.524306, 0.755892
8205, 94.541667, 1.061980
8205, 94.562500, 0.540902
8205, 94.579861, -0.280274
8205, 94.642361, -0.722908
8205, 94.645833, -0.785616
8205, 94.704861, -0.531152
8205, 94.729167, -1.162492
8205, 94.743056, -1.166242
8205, 94.767361, -1.174124
8205, 94.784722, -0.576561
8205, 94.791667, -1.041123
8205, 94.809028, -0.925116
8205, 94.822917, -0.498816
8205, 94.829861, -0.590319
8205, 94.833333, -0.680094
8205, 94.843750, -0.635395
8205, 94.899306, 0.238563
8205, 94.979167, 0.520450
8205, 94.993056, 0.704922
8205, 95.010417, 0.601729
8205, 95.041667, 0.516446
8205, 95.055556, 1.432060
8205, 95.156250, 0.252767
8205, 95.177083, -0.574322
8205, 95.180556, -0.468954
8205, 95.215278, -0.407097
8205, 95.236111, -1.021449
8205, 95.277778, -0.465906
8205, 95.302083, -0.052035
8205, 95.381944, -0.847117
8205, 95.392361, -0.791948
8205, 95.406250, -0.507173
8205, 95.534722, 0.623579
8205, 95.538194, 1.065857
8205, 95.579861, 0.535219
8205, 95.586806, 0.559591
8205, 95.597222, 1.147751
8205, 95.621528, 1.820557
8205, 95.631944, 0.982117
8205, 95.642361, 0.258722
8205, 95.680556, 0.872870
8205, 95.736111, 0.123197
8205, 95.739583, 0.095616
8205, 95.746528, 0.044365
8205, 95.833333, -1.055801
8205, 95.878472, -1.168939
8205, 95.930556, -0.986872
8205, 95.944444, -0.862315
8205, 96.072917, 0.294509
8205, 96.097222, 1.034386
8205, 96.125000, 1.400265
8205, 96.184028, 1.032768
8205, 96.194444, 0.386590
8205, 96.204861, 0.384901
8205, 96.225694, 0.529794
8205, 96.239583, 0.225117
8205, 96.260417, -0.176837
8205, 96.322917, -0.729753
8205, 96.326389, -0.029508
8205, 96.388889, -1.058620
8205, 96.392361, -1.161157
8205, 96.395833, -1.211760
8205, 96.399306, -0.845940
8205, 96.402778, -0.449791
8205, 96.423611, -1.181479
8205, 96.461806, -1.060292
8205, 96.500000, -0.945136
8205, 96.506944, -0.805252
8205, 96.520833, -0.717014
8205, 96.625000, 0.212029
8205, 96.663194, 0.395158
8205, 96.684028, 0.595893
8205, 96.687500, 0.500073
8205, 96.715278, 0.526558
8205, 96.812500, 0.694574
8205, 96.833333, -0.199291
8205, 96.843750, -0.250080
8205, 96.895833, -0.820423
8205, 96.906250, -0.918733
8205, 96.923611, -1.003182
8205, 96.968750, -0.427828
8205, 96.986111, -0.514949
8205, 97.020833, -0.408650
8205, 97.121528, -0.423050
8205, 97.135417, 0.383534
8205, 97.215278, 0.334815
8205, 97.277778, 1.195770
8205, 97.291667, 0.716825
8205, 97.322917, 0.330938
8205, 97.347222, 0.355065
8205, 97.413194, -0.244864
8205, 97.447917, -0.680612
8205, 97.451389, -0.771085
8205, 97.458333, -0.464164
8205, 97.493056, -1.047819
8205, 97.496528, -0.393153
8205, 97.538194, -0.465919
8205, 97.618056, -0.994157
8205, 97.666667, 0.037211
8205, 97.677083, 0.023400
8205, 97.690972, 0.618827
8205, 97.784722, 0.671664
8205, 97.795139, 1.082854
8205, 97.805556, 1.301843
8205, 97.815972, 1.132895
8205, 97.843750, 1.140129
8205, 97.868056, 0.750628
8205, 97.927083, 0.063879
8205, 97.975694, -0.374107
8205, 97.989583, 0.266398
8205, 98.041667, -0.249510
8205, 98.045139, -0.798732
8205, 98.052083, -0.925275
8205, 98.062500, -1.058247
8205, 98.069444, -0.471327
8205, 98.083333, -0.465650
8205, 98.097222, -1.223739
8205, 98.100694, -1.047682
8205, 98.201389, -0.903207
8205, 98.222222, -0.698896
8205, 98.229167, -0.669859
8205, 98.243056, 0.698785
8205, 98.319444, 0.823878
8205, 98.333333, 1.923757
8205, 98.510417, 0.092538
8205, 98.524306, 0.069698
8205, 98.569444, -0.649667
8205, 98.607639, -0.210736
8205, 98.614583, -0.331001
8205, 98.652778, -1.182173
8205, 98.701389, -1.221232
8205, 98.718750, -1.172935
8205, 98.760417, -0.208586
8205, 98.829861, -0.230211
8205, 98.881944, 0.146048
8205, 98.892361, 0.239049
8205, 98.909722, 0.391193
8205, 98.920139, 0.412296
8205, 98.965278, 1.264475
8205, 98.989583, 0.809760
8205, 99.017361, 1.177833
8205, 99.027778, 0.270203
8205, 99.270833, -1.219657
8205, 99.295139, -1.118698
8205, 99.336806, -0.757411
8205, 99.343750, -0.696642
8205, 99.416667, 0.571167
8205, 99.434028, 0.308489
8205, 99.454861, 1.255238
8205, 99.572917, 0.356672
8205, 99.635417, 0.048581
8205, 99.638889, -0.094097
8205, 99.642361, -0.098440
8205, 99.652778, -0.002609
8205, 99.701389, -0.588595
8205, 99.708333, -0.564984
8205, 99.774306, -0.877198
8205, 99.805556, -1.206910
8205, 99.965278, -0.239657
8205, 100.055556, 0.908333
8205, 100.090278, 0.475690
8205, 100.097222, 0.515633
8205, 100.118056, 1.151140
8205, 100.135417, 0.398389
8205, 100.156250, 0.261632
8205, 100.187500, 0.100254
8205, 100.250000, -0.467750
8205, 100.295139, -0.807357
8205, 100.333333, -1.063641
8205, 100.493056, -0.564779
8205, 100.548611, 1.192776
8205, 100.555556, -0.038181
8205, 100.635417, 0.493884
8205, 100.725694, 0.910873
8205, 100.743056, 0.116832
8205, 100.763889, -0.027400
8205, 100.770833, 0.642437
8205, 100.774306, -0.143890
8205, 100.812500, 0.189969
8205, 100.822917, 0.075373
8205, 100.857639, -0.879584
8205, 100.920139, -1.190202
8205, 100.944444, -1.242295
8205, 101.041667, -0.045519
8205, 101.083333, -0.176060
8205, 101.215278, 1.227851
8205, 101.263889, 1.113042
8205, 101.284722, 0.967680
8205, 101.364583, 0.527095
8205, 101.406250, -0.743018
8205, 101.427083, -0.273907
8205, 101.447917, -0.776359
8205, 101.479167, -1.199429
8205, 101.510417, -1.236413
8205, 101.593750, -0.778578
8205, 101.611111, -0.637742
8205, 101.645833, -0.327666
8205, 101.680556, -0.030579
8205, 101.732639, 1.024226
8205, 101.777778, 0.475789
8205, 101.791667, 0.503940
8205, 101.909722, 0.055689
8205, 101.968750, -0.644244
8205, 102.076389, -1.228536
8205, 102.142361, -0.966996
8205, 102.184028, -0.592894
8205, 102.267361, 0.809164
8205, 102.312500, 0.583028
8205, 102.395833, 0.561608
8205, 102.434028, 0.143263
8205, 102.524306, -0.677870
8205, 102.534722, 0.099863
8205, 102.538194, -0.020523
8205, 102.583333, -1.054255
8205, 102.631944, -1.196592
8205, 102.642361, -0.865801
8205, 102.666667, -0.487324
8205, 102.708333, -0.900408
8205, 102.729167, -0.793154
8205, 102.743056, -0.671985
8205, 102.756944, 0.286931
8205, 102.819444, 0.679769
8205, 102.829861, 0.625765
8205, 102.871528, 1.185617
8205, 102.899306, 0.620101
8205, 103.013889, 0.038066
8205, 103.065972, -0.331335
8205, 103.076389, -0.277814
8205, 103.090278, 1.762077
8205, 103.093750, -0.671865
8205, 103.135417, -0.314269
8205, 103.145833, -1.082001
8205, 103.149306, -0.960841
8205, 103.152778, -0.972160
8205, 103.173611, -1.049062
8205, 103.187500, -0.563671
8205, 103.208333, -1.212831
8205, 103.243056, -1.017668
8205, 103.246528, 0.125085
8205, 103.250000, -0.872498
8205, 103.270833, -0.309983
8205, 103.319444, 0.119411
8205, 103.364583, -0.140488
8205, 103.388889, 0.101236
8205, 103.430556, 0.453634
8205, 103.468750, 0.604047
8205, 103.513889, 0.633996
8205, 103.559028, 0.871541
8205, 103.586806, -0.053525
8205, 103.597222, 0.621719
8205, 103.649306, 0.058172
8205, 103.684028, -0.160129
8205, 103.708333, -0.883720
8205, 103.711806, -1.056515
8205, 103.739583, -1.165745
8205, 103.763889, -1.140870
8205, 103.767361, -0.521554
8205, 103.802083, -1.136957
8205, 103.805556, -1.140581
8205, 103.829861, -1.000043
8205, 103.847222, -0.868511
8205, 103.875000, -0.620907
8205, 103.899306, -0.446509
8205, 103.916667, 0.423142
8205, 103.930556, -0.133983
8205, 103.934028, 0.616562
8205, 103.954861, 0.067850
8205, 103.989583, 1.032063
8205, 103.996528, 1.075599
8205, 104.034722, 0.834106
8205, 104.069444, 0.482666
8205, 104.180556, -0.219479
8205, 104.291667, -0.359426
8205, 104.309028, -1.224746
8205, 104.354167, -1.141481
8205, 104.385417, -0.994803
8205, 104.437500, 0.009389
8205, 104.444444, -0.584232
8205, 104.510417, 0.747979
8205, 104.524306, 0.144497
8205, 104.559028, 1.192301
8205, 104.586806, 0.647413
8205, 104.600694, 0.463310
8205, 104.708333, 0.036198
8205, 104.718750, 0.010856
8205, 104.774306, 0.395474
8205, 104.822917, -0.736182
8205, 104.847222, -0.204484
8205, 104.861111, -1.173628
8205, 104.878472, -1.079831
8205, 104.906250, -1.218661
8205, 104.916667, 0.316163
8205, 104.954861, -0.309606
8205, 104.958333, -1.033171
8205, 104.986111, -0.094779
8205, 104.993056, -0.469849
8205, 105.114583, 1.404380
8205, 105.131944, 0.514833
8205, 105.166667, 1.019100
8205, 105.197917, 0.604080
8205, 105.232639, 1.003563
8205, 105.315972, 0.454303
8205, 105.381944, -0.932154
8205, 105.437500, -0.993932
8205, 105.465278, -0.578266
8205, 105.496528, -1.177017
8205, 105.541667, -0.789824
8205, 105.572917, 0.187704
8205, 105.628472, -0.035813
8205, 105.656250, 0.135642
8205, 105.666667, 0.880808
8205, 105.690972, 0.377606
8205, 105.784722, 0.435784
8205, 105.819444, 1.253046
8205, 105.843750, 0.624915
8205, 105.892361, -0.306437
8205, 105.899306, 1.534637
8205, 105.923611, -0.216711
8205, 105.937500, -0.062180
8205, 105.951389, -0.961012
8205, 106.079861, -1.080454
8205, 106.128472, 0.149086
8205, 106.135417, -0.387146
8205, 106.152778, -0.480038
8205, 106.159722, -0.289243
8205, 106.170139, -0.253598
8205, 106.236111, 0.549027
8205, 106.246528, 0.304329
8205, 106.284722, 0.566375
8205, 106.302083, 1.155006
8205, 106.361111, 0.327646
8205, 106.375000, 1.157693
8205, 106.427083, 0.724150
8205, 106.437500, -0.250937
8205, 106.461806, 0.167398
8205, 106.548611, -1.135884
8205, 106.604167, -1.182630
8205, 106.618056, -1.122842
8205, 106.645833, -0.351542
8205, 106.649306, 0.098949
8205, 106.652778, -0.348111
8205, 106.694444, 1.298750
8205, 106.753472, -0.133976
8205, 106.815972, 0.663401
8205, 106.819444, 1.013036
8205, 106.885417, 0.533613
8205, 106.906250, 1.193894
8205, 106.965278, 0.965740
8205, 107.000000, -0.281014
8205, 107.013889, -0.368251
8205, 107.072917, -0.797282
8205, 107.100694, -0.719521
8205, 107.180556, -1.093938
8205, 107.187500, -1.195759
8205, 107.211806, -0.291968
8205, 107.229167, -0.552543
8205, 107.302083, 0.444034
8205, 107.336806, 0.703624
8205, 107.416667, 0.920815
8205, 107.423611, 1.147083
8205, 107.430556, 1.446954
8205, 107.454861, 0.489605
8205, 107.479167, 1.320457
8205, 107.614583, -0.032834
8205, 107.625000, -0.034219
8205, 107.631944, -0.701636
8205, 107.659722, -0.370414
8205, 107.750000, -1.158517
8205, 107.791667, -0.872395
8205, 107.798611, -0.899791
8205, 107.850694, 0.279718
8205, 107.871528, -0.250860
8205, 107.892361, 0.630849
8205, 107.923611, 0.206794
8205, 107.940972, 0.344742
8205, 107.982639, 0.515350
8205, 108.013889, 0.742853
8205, 108.107639, -0.020773
8205, 108.163194, -0.585950
8205, 108.180556, 0.104940
8205, 108.187500, -0.699940
8205, 108.211806, -0.248289
8205, 108.277778, 0.058858
8205, 108.350694, -0.315246
8205, 108.354167, -0.913293
8205, 108.371528, -0.845145
8205, 108.388889, -0.586309
8205, 108.440972, -0.038179
8205, 108.454861, 0.280185
8205, 108.510417, 0.350247
8205, 108.548611, 1.315696
8205, 108.572917, 0.619965
8205, 108.593750, 0.826059
8205, 108.614583, 0.392415
8205, 108.645833, 0.246199
8205, 108.656250, 0.805663
8205, 108.770833, -0.958006
8205, 108.861111, -0.517112
8205, 108.878472, -0.453467
8205, 108.895833, -0.439055
8205, 108.913194, -1.017880
8205, 108.920139, -0.837042
8205, 108.954861, -0.000096
8205, 108.968750, -0.397200
8205, 109.041667, 1.048113
8205, 109.100694, 0.675482
8205, 109.111111, 1.274959
8205, 109.201389, 1.730576
8205, 109.222222, 0.778057
8205, 109.305556, -0.519665
8205, 109.326389, 0.364023
8205, 109.343750, -0.303459
8205, 109.361111, -0.617892
8205, 109.375000, -1.135746
8205, 109.416667, -1.218896
8205, 109.427083, -0.328379
8205, 109.454861, -1.057599
8205, 109.475694, 0.605439
8205, 109.541667, 0.519279
8205, 109.569444, -0.072268
8205, 109.621528, 0.240251
8205, 109.663194, 0.480454
8205, 109.666667, 0.706618
8205, 109.694444, 0.927282
8205, 109.788194, 0.302919
8205, 109.805556, -0.042858
8205, 109.822917, -0.244256
8205, 109.847222, -0.466606
8205, 109.881944, 0.023715
8205, 109.895833, -0.052317
8205, 109.899306, -0.154792
8205, 109.902778, -0.276162
8205, 109.906250, -0.876387
8205, 109.920139, -0.405719
8205, 110.010417, -1.190333
8205, 110.045139, 0.208304
8205, 110.062500, -0.784164
8205, 110.069444, -0.827253
8205, 110.079861, -0.719169
8205, 110.093750, -0.498707
8205, 110.100694, 0.152897
8205, 110.107639, 0.219740
8205, 110.211806, 1.196421
8205, 110.218750, 0.616479
8205, 110.229167, 0.540402
8205, 110.250000, 0.479614
8205, 110.260417, 0.657921
8205, 110.263889, 0.592069
8205, 110.409722, -0.403978
8205, 110.416667, -0.312243
8205, 110.430556, -0.495715
8205, 110.434028, -0.705963
8205, 110.444444, 0.275845
8205, 110.524306, -1.204818
8205, 110.562500, -0.368800
8205, 110.586806, -0.447183
8205, 110.590278, -1.029233
8205, 110.663194, -0.344353
8205, 110.677083, -0.238310
8205, 110.687500, -0.313074
8205, 110.805556, 1.135011
8205, 110.843750, 0.524296
8205, 110.895833, 0.360950
8205, 110.906250, 0.157324
8205, 110.916667, 0.072572
8205, 110.958333, 0.501021
8205, 111.003472, -0.177918
8205, 111.024306, -0.785421
8205, 111.031250, -0.058957
8205, 111.076389, -0.945612
8205, 111.090278, -1.191410
8205, 111.121528, -1.218031
8205, 111.163194, -0.282304
8205, 111.170139, -0.346430
8205, 111.184028, -0.049758
8205, 111.190972, -0.611178
8205, 111.197917, -0.573176
8205, 111.208333, 0.049423
8205, 111.243056, 0.250941
8205, 111.260417, 0.400541
8205, 111.302083, 0.213311
8205, 111.416667, 0.615983
8205, 111.423611, 1.203269
8205, 111.479167, 0.154493
8205, 111.524306, 0.029704
8205, 111.534722, 0.593013
8205, 111.541667, -0.521924
8205, 111.576389, -0.651792
8205, 111.579861, 0.074943
8205, 111.586806, 0.423009
8205, 111.618056, -0.381843
8205, 111.635417, -1.093237
8205, 111.649306, -1.207278
8205, 111.690972, -0.499553
8205, 111.718750, -0.075742
8205, 111.756944, -0.616854
8205, 111.781250, -0.517001
8205, 111.802083, 0.242994
8205, 111.833333, -0.151898
8205, 111.920139, 0.463298
8205, 111.940972, 0.493280
8205, 111.958333, 1.251278
8205, 111.965278, 1.230533
8205, 112.000000, 1.039524
8205, 112.003472, 0.623665
8205, 112.038194, 0.780618
8205, 112.059028, 0.037363
8205, 112.079861, 0.489983
8205, 112.097222, 0.291033
8205, 112.107639, -0.450487
8205, 112.118056, 0.172129
8205, 112.135417, -0.736089
8205, 112.142361, 0.291929
8205, 112.197917, 0.646897
8205, 112.225694, -1.238156
8205, 112.291667, -0.966658
8205, 112.298611, -0.142767
8205, 112.364583, -0.476702
8205, 112.371528, 0.286091
8205, 112.423611, 0.126042
8205, 112.520833, 0.518842
8205, 112.548611, 0.541884
8205, 112.576389, 0.311337
8205, 112.590278, 0.827232
8205, 112.652778, -0.265360
8205, 112.718750, -0.923289
8205, 112.729167, -0.738848
8205, 112.736111, -0.302364
8205, 112.892361, -0.010823
8205, 112.947917, -0.280471
8205, 113.000000, 0.159731
8205, 113.041667, 0.491313
8205, 113.052083, 0.492183
8205, 113.086806, 0.713964
8205, 113.166667, 0.107432
8205, 113.194444, 0.601483
8205, 113.229167, -0.388477
8205, 113.295139, -1.009325
8205, 113.343750, -1.083805
8205, 113.354167, -1.239557
8205, 113.395833, 0.041623
8205, 113.399306, -0.493152
8205, 113.402778, -1.180167
8205, 113.430556, -0.758527
8205, 113.434028, -0.962639
8205, 113.461806, -0.068295
8205, 113.475694, -0.584018
8205, 113.479167, 0.048548
8205, 113.527778, 0.583061
8205, 113.531250, 0.665002
8205, 113.541667, 1.253003
8205, 113.552083, 0.732942
8205, 113.590278, 0.342820
8205, 113.652778, 0.517817
8205, 113.680556, 1.206210
8205, 113.684028, 0.592700
8205, 113.711806, 0.250772
8205, 113.732639, 0.213351
8205, 113.743056, 0.717549
8205, 113.840278, -0.126076
8205, 113.861111, -0.887112
8205, 113.913194, -1.213351
8205, 113.972222, -1.090922
8205, 114.059028, 0.240995
8205, 114.131944, 0.199878
8205, 114.149306, 0.309603
8205, 114.156250, 0.509177
8205, 114.166667, 0.516305
8205, 114.177083, 1.139859
8205, 114.211806, 0.652536
8205, 114.243056, 1.092474
8205, 114.309028, 0.866080
8205, 114.364583, -0.329719
8205, 114.416667, 0.094111
8205, 114.458333, -1.175782
8205, 114.572917, -0.831761
8205, 114.729167, 1.289203
8205, 114.791667, 0.592997
8205, 114.809028, 0.422752
8205, 114.812500, 0.415127
8205, 114.819444, 1.040237
8205, 114.861111, 0.926623
8205, 114.906250, -0.276660
8205, 114.920139, -0.424383
8205, 114.961806, -0.693339
8205, 114.993056, -1.002501
8205, 115.013889, -1.105256
8205, 115.059028, -1.167367
8205, 115.086806, -0.510711
8205, 115.104167, -1.128460
8205, 115.229167, -0.111603
8205, 115.239583, 0.674113
8205, 115.243056, 0.360790
8205, 115.281250, 0.352106
8205, 115.298611, 0.669176
8205, 115.350694, 0.500323
8205, 115.375000, 0.438045
8205, 115.385417, 1.177390
8205, 115.392361, 1.075359
8205, 115.423611, 0.145416
8205, 115.430556, 0.185824
8205, 115.444444, 0.289344
8205, 115.538194, -0.896688
8205, 115.562500, -0.045681
8205, 115.569444, -1.073763
8205, 115.590278, -1.178932
8205, 115.597222, -1.224698
8205, 115.628472, -1.189905
8205, 115.638889, -1.238975
8205, 115.673611, -0.334118
8205, 115.746528, -0.542932
8205, 115.809028, 0.079862
8205, 115.868056, 1.133920
8205, 115.937500, 0.471618
8205, 115.954861, 1.011289
8205, 115.965278, 0.289122
8205, 115.972222, 0.420327
8205, 116.003472, 1.452965
8205, 116.010417, -0.031027
8205, 116.020833, 0.525259
8205, 116.038194, 0.354286
8205, 116.069444, -0.180408
8205, 116.090278, -0.103804
8205, 116.159722, -0.501859
8205, 116.163194, -0.474378
8205, 116.166667, -0.929115
8205, 116.190972, -0.513162
8205, 116.201389, -0.446315
8205, 116.218750, -0.399537
8205, 116.253472, -0.800513
8205, 116.263889, -0.233783
8205, 116.288194, 0.115146
8205, 116.291667, -0.503796
8205, 116.350694, 0.578499
8205, 116.354167, 0.573242
8205, 116.409722, 1.025728
8205, 116.437500, 1.254614
8205, 116.465278, 0.790374
8205, 116.479167, 1.127168
8205, 116.496528, 1.219139
8205, 116.510417, 0.583149
8205, 116.520833, 0.412126
8205, 116.545139, 0.213377
8205, 116.548611, 0.884627
8205, 116.583333, 0.670098
8205, 116.590278, -0.175949
8205, 116.611111, 0.702322
8205, 116.645833, -0.058358
8205, 116.718750, -0.516635
8205, 116.722222, -0.419788
8205, 116.809028, -1.065527
8205, 116.822917, -1.010420
8205, 116.895833, -0.374137
8205, 116.916667, 0.697209
8205, 116.927083, 0.623855
8205, 116.944444, 0.372498
8205, 116.965278, 1.056596
8205, 117.010417, 0.968126
8205, 117.239583, -0.944217
8205, 117.253472, -0.345502
8205, 117.270833, -1.125047
8205, 117.295139, -0.532743
8205, 117.343750, -1.190650
8205, 117.350694, -1.095277
8205, 117.354167, -1.115190
8205, 117.357639, -1.111063
8205, 117.427083, -0.637826
8205, 117.513889, 0.249686
8205, 117.538194, 1.240761
8205, 117.590278, 1.312077
8205, 117.725694, -0.040425
8205, 117.753472, 0.252724
8205, 117.836806, -1.073123
8205, 117.847222, -1.019365
8205, 117.895833, -1.162863
8205, 117.916667, -0.521751
8205, 117.940972, -1.006854
8205, 117.958333, -0.858958
8205, 117.965278, -0.758083
8205, 117.982639, -0.711977
8205, 118.034722, -0.268462
8205, 118.038194, 0.448455
8205, 118.055556, -0.008177
8205, 118.079861, 0.146055
8205, 118.097222, 0.413632
8205, 118.114583, 0.888077
8205, 118.302083, 0.375908
8205, 118.305556, -0.330799
8205, 118.347222, 0.627291
8205, 118.354167, -0.092953
8205, 118.392361, -1.081548
8205, 118.399306, -1.098684
8205, 118.409722, -1.144991
8205, 118.451389, -1.207351
8205, 118.458333, -0.553407
8205, 118.461806, -1.210079
8205, 118.565972, -0.486140
8205, 118.583333, -0.364638
8205, 118.635417, 0.116655
8205, 118.645833, 0.149562
8205, 118.722222, 0.545960
8205, 118.736111, 1.271647
8205, 118.798611, 0.314953
8205, 118.822917, 0.772064
8205, 118.840278, 0.600795
8205, 118.868056, -0.081271
8205, 118.902778, -0.594848
8205, 118.944444, -0.897564
8205, 119.003472, -0.977485
8205, 119.013889, -1.225260
8205, 119.031250, -0.923941
8205, 119.131944, -0.530217
8205, 119.177083, 0.048143
8205, 119.222222, 0.332571
8205, 119.263889, 1.256066
8205, 119.298611, 1.222639
8205, 119.333333, 0.552080
8205, 119.357639, 0.309314
8205, 119.375000, 0.141483
8205, 119.388889, 0.626239
8205, 119.454861, -0.575459
8205, 119.479167, -0.692145
8205, 119.489583, -0.835282
8205, 119.517361, -0.481821
8205, 119.524306, 0.025463
8205, 119.527778, -1.067009
8205, 119.534722, -1.129980
8205, 119.576389, -1.120001
8205, 119.604167, -1.123385
8205, 119.618056, -0.163668
8205, 119.635417, -1.058435
8205, 119.652778, -0.867872
8205, 119.715278, -0.384842
8205, 119.722222, -0.167188
8205, 119.791667, 0.303308
8205, 119.809028, 0.501637
8205, 119.826389, 0.455803
8205, 119.930556, 0.266884
8205, 119.940972, 0.791420
8205, 119.944444, 1.726055
8205, 119.968750, -0.053557
8205, 119.996528, 0.340006